[0, 0, 0, 0, 0, 0, 0, 0, 0, 0, 0, 0, 0, 0, 0, 0, 0, 0, 0, 0, 0, 0, 0, 0, 0, 0, 0, 0, 0, 0, 0, 0, 0, 0, 0, 0, 0, 0, 0, 0, 0, 0, 0, 0, 0, 0, 0, 0, 0, 0, 0, 0, 0, 0, 0, 0, 0, 0, 0, 0, 0, 0, 0, 0, 0, 0, 0, 0, 0, 0, 0, 0, 0, 0, 0, 0, 0, 0, 0, 0, 0, 0, 0, 0, 0, 0, 0, 0, 0, 0, 0, 0, 0, 0, 0, 0, 0, 0, 0, 0, 0, 0, 0, 0, 0, 0, 0, 0, 0, 0, 0, 0, 0, 0, 0, 0, 0, 0, 0, 0, 0, 0, 0, 0, 0]
[0, 1, 2, 3, 4, 5, 6, 7, 8, 9, 10, 11, 12, 13, 14, 15, 16, 17, 18, 19, 20, 21, 22, 23, 24, 25, 26, 27, 28, 29, 30, 31, 32, 33, 34, 35, 36, 37, 38, 39, 40, 41, 42, 43, 44, 45, 46, 47, 48, 49, 50, 51, 52, 53, 54, 55, 56, 57, 58, 59, 60, 61, 62, 63, 64, 65, 66, 67, 68, 69, 70, 71, 72, 73, 74, 75, 76, 77, 78, 79, 80, 81, 82, 83, 84, 85, 86, 87, 88, 89, 90, 91, 92, 93, 94, 95, 96, 97, 98, 99, 100, 101, 102, 103, 104, 105, 106, 107, 108, 109, 110, 111, 112, 113, 114, 115, 116, 117, 118, 119, 120, 121, 122, 123, 124]
[0, 2, 4, 1, 3, 10, 12, 14, 11, 13, 20, 22, 24, 21, 23, 5, 7, 9, 6, 8, 15, 17, 19, 16, 18, 50, 52, 54, 51, 53, 60, 62, 64, 61, 63, 70, 72, 74, 71, 73, 55, 57, 59, 56, 58, 65, 67, 69, 66, 68, 100, 102, 104, 101, 103, 110, 112, 114, 111, 113, 120, 122, 124, 121, 123, 105, 107, 109, 106, 108, 115, 117, 119, 116, 118, 25, 27, 29, 26, 28, 35, 37, 39, 36, 38, 45, 47, 49, 46, 48, 30, 32, 34, 31, 33, 40, 42, 44, 41, 43, 75, 77, 79, 76, 78, 85, 87, 89, 86, 88, 95, 97, 99, 96, 98, 80, 82, 84, 81, 83, 90, 92, 94, 91, 93]
[0, 3, 1, 4, 2, 15, 18, 16, 19, 17, 5, 8, 6, 9, 7, 20, 23, 21, 24, 22, 10, 13, 11, 14, 12, 75, 78, 76, 79, 77, 90, 93, 91, 94, 92, 80, 83, 81, 84, 82, 95, 98, 96, 99, 97, 85, 88, 86, 89, 87, 25, 28, 26, 29, 27, 40, 43, 41, 44, 42, 30, 33, 31, 34, 32, 45, 48, 46, 49, 47, 35, 38, 36, 39, 37, 100, 103, 101, 104, 102, 115, 118, 116, 119, 117, 105, 108, 106, 109, 107, 120, 123, 121, 124, 122, 110, 113, 111, 114, 112, 50, 53, 51, 54, 52, 65, 68, 66, 69, 67, 55, 58, 56, 59, 57, 70, 73, 71, 74, 72, 60, 63, 61, 64, 62]
[0, 4, 3, 2, 1, 20, 24, 23, 22, 21, 15, 19, 18, 17, 16, 10, 14, 13, 12, 11, 5, 9, 8, 7, 6, 100, 104, 103, 102, 101, 120, 124, 123, 122, 121, 115, 119, 118, 117, 116, 110, 114, 113, 112, 111, 105, 109, 108, 107, 106, 75, 79, 78, 77, 76, 95, 99, 98, 97, 96, 90, 94, 93, 92, 91, 85, 89, 88, 87, 86, 80, 84, 83, 82, 81, 50, 54, 53, 52, 51, 70, 74, 73, 72, 71, 65, 69, 68, 67, 66, 60, 64, 63, 62, 61, 55, 59, 58, 57, 56, 25, 29, 28, 27, 26, 45, 49, 48, 47, 46, 40, 44, 43, 42, 41, 35, 39, 38, 37, 36, 30, 34, 33, 32, 31]
[0, 5, 10, 15, 20, 25, 30, 35, 40, 45, 50, 55, 60, 65, 70, 75, 80, 85, 90, 95, 100, 105, 110, 115, 120, 103, 108, 113, 118, 123, 3, 8, 13, 18, 23, 28, 33, 38, 43, 48, 53, 58, 63, 68, 73, 78, 83, 88, 93, 98, 76, 81, 86, 91, 96, 101, 106, 111, 116, 121, 1, 6, 11, 16, 21, 26, 31, 36, 41, 46, 51, 56, 61, 66, 71, 54, 59, 64, 69, 74, 79, 84, 89, 94, 99, 104, 109, 114, 119, 124, 4, 9, 14, 19, 24, 29, 34, 39, 44, 49, 27, 32, 37, 42, 47, 52, 57, 62, 67, 72, 77, 82, 87, 92, 97, 102, 107, 112, 117, 122, 2, 7, 12, 17, 22]
[0, 6, 12, 18, 24, 30, 36, 42, 48, 29, 60, 66, 72, 53, 59, 90, 96, 77, 83, 89, 120, 101, 107, 113, 119, 3, 9, 10, 16, 22, 33, 39, 40, 46, 27, 63, 69, 70, 51, 57, 93, 99, 75, 81, 87, 123, 104, 105, 111, 117, 1, 7, 13, 19, 20, 31, 37, 43, 49, 25, 61, 67, 73, 54, 55, 91, 97, 78, 84, 85, 121, 102, 108, 114, 115, 4, 5, 11, 17, 23, 34, 35, 41, 47, 28, 64, 65, 71, 52, 58, 94, 95, 76, 82, 88, 124, 100, 106, 112, 118, 2, 8, 14, 15, 21, 32, 38, 44, 45, 26, 62, 68, 74, 50, 56, 92, 98, 79, 80, 86, 122, 103, 109, 110, 116]
[0, 7, 14, 16, 23, 35, 42, 49, 26, 33, 70, 52, 59, 61, 68, 80, 87, 94, 96, 78, 115, 122, 104, 106, 113, 28, 30, 37, 44, 46, 63, 65, 72, 54, 56, 98, 75, 82, 89, 91, 108, 110, 117, 124, 101, 18, 20, 2, 9, 11, 51, 58, 60, 67, 74, 86, 93, 95, 77, 84, 121, 103, 105, 112, 119, 6, 13, 15, 22, 4, 41, 48, 25, 32, 39, 79, 81, 88, 90, 97, 114, 116, 123, 100, 107, 24, 1, 8, 10, 17, 34, 36, 43, 45, 27, 69, 71, 53, 55, 62, 102, 109, 111, 118, 120, 12, 19, 21, 3, 5, 47, 29, 31, 38, 40, 57, 64, 66, 73, 50, 92, 99, 76, 83, 85]
[0, 8, 11, 19, 22, 40, 48, 26, 34, 37, 55, 63, 66, 74, 52, 95, 78, 81, 89, 92, 110, 118, 121, 104, 107, 53, 56, 64, 67, 70, 93, 96, 79, 82, 85, 108, 111, 119, 122, 100, 23, 1, 9, 12, 15, 38, 41, 49, 27, 30, 101, 109, 112, 115, 123, 16, 24, 2, 5, 13, 31, 39, 42, 45, 28, 71, 54, 57, 60, 68, 86, 94, 97, 75, 83, 29, 32, 35, 43, 46, 69, 72, 50, 58, 61, 84, 87, 90, 98, 76, 124, 102, 105, 113, 116, 14, 17, 20, 3, 6, 77, 80, 88, 91, 99, 117, 120, 103, 106, 114, 7, 10, 18, 21, 4, 47, 25, 33, 36, 44, 62, 65, 73, 51, 59]
[0, 9, 13, 17, 21, 45, 29, 33, 37, 41, 65, 74, 53, 57, 61, 85, 94, 98, 77, 81, 105, 114, 118, 122, 101, 78, 82, 86, 90, 99, 123, 102, 106, 110, 119, 18, 22, 1, 5, 14, 38, 42, 46, 25, 34, 58, 62, 66, 70, 54, 26, 30, 39, 43, 47, 71, 50, 59, 63, 67, 91, 95, 79, 83, 87, 111, 115, 124, 103, 107, 6, 10, 19, 23, 2, 104, 108, 112, 116, 120, 24, 3, 7, 11, 15, 44, 48, 27, 31, 35, 64, 68, 72, 51, 55, 84, 88, 92, 96, 75, 52, 56, 60, 69, 73, 97, 76, 80, 89, 93, 117, 121, 100, 109, 113, 12, 16, 20, 4, 8, 32, 36, 40, 49, 28]
[0, 10, 20, 5, 15, 50, 60, 70, 55, 65, 100, 110, 120, 105, 115, 25, 35, 45, 30, 40, 75, 85, 95, 80, 90, 76, 86, 96, 81, 91, 1, 11, 21, 6, 16, 51, 61, 71, 56, 66, 101, 111, 121, 106, 116, 26, 36, 46, 31, 41, 27, 37, 47, 32, 42, 77, 87, 97, 82, 92, 2, 12, 22, 7, 17, 52, 62, 72, 57, 67, 102, 112, 122, 107, 117, 103, 113, 123, 108, 118, 28, 38, 48, 33, 43, 78, 88, 98, 83, 93, 3, 13, 23, 8, 18, 53, 63, 73, 58, 68, 54, 64, 74, 59, 69, 104, 114, 124, 109, 119, 29, 39, 49, 34, 44, 79, 89, 99, 84, 94, 4, 14, 24, 9, 19]
[0, 11, 22, 8, 19, 55, 66, 52, 63, 74, 110, 121, 107, 118, 104, 40, 26, 37, 48, 34, 95, 81, 92, 78, 89, 101, 112, 123, 109, 115, 31, 42, 28, 39, 45, 86, 97, 83, 94, 75, 16, 2, 13, 24, 5, 71, 57, 68, 54, 60, 77, 88, 99, 80, 91, 7, 18, 4, 10, 21, 62, 73, 59, 65, 51, 117, 103, 114, 120, 106, 47, 33, 44, 25, 36, 53, 64, 70, 56, 67, 108, 119, 100, 111, 122, 38, 49, 30, 41, 27, 93, 79, 85, 96, 82, 23, 9, 15, 1, 12, 29, 35, 46, 32, 43, 84, 90, 76, 87, 98, 14, 20, 6, 17, 3, 69, 50, 61, 72, 58, 124, 105, 116, 102, 113]
[0, 12, 24, 6, 18, 60, 72, 59, 66, 53, 120, 107, 119, 101, 113, 30, 42, 29, 36, 48, 90, 77, 89, 96, 83, 1, 13, 20, 7, 19, 61, 73, 55, 67, 54, 121, 108, 115, 102, 114, 31, 43, 25, 37, 49, 91, 78, 85, 97, 84, 2, 14, 21, 8, 15, 62, 74, 56, 68, 50, 122, 109, 116, 103, 110, 32, 44, 26, 38, 45, 92, 79, 86, 98, 80, 3, 10, 22, 9, 16, 63, 70, 57, 69, 51, 123, 105, 117, 104, 111, 33, 40, 27, 39, 46, 93, 75, 87, 99, 81, 4, 11, 23, 5, 17, 64, 71, 58, 65, 52, 124, 106, 118, 100, 112, 34, 41, 28, 35, 47, 94, 76, 88, 95, 82]
[0, 13, 21, 9, 17, 65, 53, 61, 74, 57, 105, 118, 101, 114, 122, 45, 33, 41, 29, 37, 85, 98, 81, 94, 77, 26, 39, 47, 30, 43, 91, 79, 87, 95, 83, 6, 19, 2, 10, 23, 71, 59, 67, 50, 63, 111, 124, 107, 115, 103, 52, 60, 73, 56, 69, 117, 100, 113, 121, 109, 32, 40, 28, 36, 49, 97, 80, 93, 76, 89, 12, 20, 8, 16, 4, 78, 86, 99, 82, 90, 18, 1, 14, 22, 5, 58, 66, 54, 62, 70, 123, 106, 119, 102, 110, 38, 46, 34, 42, 25, 104, 112, 120, 108, 116, 44, 27, 35, 48, 31, 84, 92, 75, 88, 96, 24, 7, 15, 3, 11, 64, 72, 55, 68, 51]
[0, 14, 23, 7, 16, 70, 59, 68, 52, 61, 115, 104, 113, 122, 106, 35, 49, 33, 42, 26, 80, 94, 78, 87, 96, 51, 60, 74, 58, 67, 121, 105, 119, 103, 112, 41, 25, 39, 48, 32, 86, 95, 84, 93, 77, 6, 15, 4, 13, 22, 102, 111, 120, 109, 118, 47, 31, 40, 29, 38, 92, 76, 85, 99, 83, 12, 21, 5, 19, 3, 57, 66, 50, 64, 73, 28, 37, 46, 30, 44, 98, 82, 91, 75, 89, 18, 2, 11, 20, 9, 63, 72, 56, 65, 54, 108, 117, 101, 110, 124, 79, 88, 97, 81, 90, 24, 8, 17, 1, 10, 69, 53, 62, 71, 55, 114, 123, 107, 116, 100, 34, 43, 27, 36, 45]
[0, 15, 5, 20, 10, 75, 90, 80, 95, 85, 25, 40, 30, 45, 35, 100, 115, 105, 120, 110, 50, 65, 55, 70, 60, 54, 69, 59, 74, 64, 4, 19, 9, 24, 14, 79, 94, 84, 99, 89, 29, 44, 34, 49, 39, 104, 119, 109, 124, 114, 103, 118, 108, 123, 113, 53, 68, 58, 73, 63, 3, 18, 8, 23, 13, 78, 93, 83, 98, 88, 28, 43, 33, 48, 38, 27, 42, 32, 47, 37, 102, 117, 107, 122, 112, 52, 67, 57, 72, 62, 2, 17, 7, 22, 12, 77, 92, 82, 97, 87, 76, 91, 81, 96, 86, 26, 41, 31, 46, 36, 101, 116, 106, 121, 111, 51, 66, 56, 71, 61, 1, 16, 6, 21, 11]
[0, 16, 7, 23, 14, 80, 96, 87, 78, 94, 35, 26, 42, 33, 49, 115, 106, 122, 113, 104, 70, 61, 52, 68, 59, 79, 90, 81, 97, 88, 34, 45, 36, 27, 43, 114, 100, 116, 107, 123, 69, 55, 71, 62, 53, 24, 10, 1, 17, 8, 28, 44, 30, 46, 37, 108, 124, 110, 101, 117, 63, 54, 65, 56, 72, 18, 9, 20, 11, 2, 98, 89, 75, 91, 82, 102, 118, 109, 120, 111, 57, 73, 64, 50, 66, 12, 3, 19, 5, 21, 92, 83, 99, 85, 76, 47, 38, 29, 40, 31, 51, 67, 58, 74, 60, 6, 22, 13, 4, 15, 86, 77, 93, 84, 95, 41, 32, 48, 39, 25, 121, 112, 103, 119, 105]
[0, 17, 9, 21, 13, 85, 77, 94, 81, 98, 45, 37, 29, 41, 33, 105, 122, 114, 101, 118, 65, 57, 74, 61, 53, 104, 116, 108, 120, 112, 64, 51, 68, 55, 72, 24, 11, 3, 15, 7, 84, 96, 88, 75, 92, 44, 31, 48, 35, 27, 78, 90, 82, 99, 86, 38, 25, 42, 34, 46, 123, 110, 102, 119, 106, 58, 70, 62, 54, 66, 18, 5, 22, 14, 1, 52, 69, 56, 73, 60, 12, 4, 16, 8, 20, 97, 89, 76, 93, 80, 32, 49, 36, 28, 40, 117, 109, 121, 113, 100, 26, 43, 30, 47, 39, 111, 103, 115, 107, 124, 71, 63, 50, 67, 59, 6, 23, 10, 2, 19, 91, 83, 95, 87, 79]
[0, 18, 6, 24, 12, 90, 83, 96, 89, 77, 30, 48, 36, 29, 42, 120, 113, 101, 119, 107, 60, 53, 66, 59, 72, 4, 17, 5, 23, 11, 94, 82, 95, 88, 76, 34, 47, 35, 28, 41, 124, 112, 100, 118, 106, 64, 52, 65, 58, 71, 3, 16, 9, 22, 10, 93, 81, 99, 87, 75, 33, 46, 39, 27, 40, 123, 111, 104, 117, 105, 63, 51, 69, 57, 70, 2, 15, 8, 21, 14, 92, 80, 98, 86, 79, 32, 45, 38, 26, 44, 122, 110, 103, 116, 109, 62, 50, 68, 56, 74, 1, 19, 7, 20, 13, 91, 84, 97, 85, 78, 31, 49, 37, 25, 43, 121, 114, 102, 115, 108, 61, 54, 67, 55, 73]
[0, 19, 8, 22, 11, 95, 89, 78, 92, 81, 40, 34, 48, 37, 26, 110, 104, 118, 107, 121, 55, 74, 63, 52, 66, 29, 43, 32, 46, 35, 124, 113, 102, 116, 105, 69, 58, 72, 61, 50, 14, 3, 17, 6, 20, 84, 98, 87, 76, 90, 53, 67, 56, 70, 64, 23, 12, 1, 15, 9, 93, 82, 96, 85, 79, 38, 27, 41, 30, 49, 108, 122, 111, 100, 119, 77, 91, 80, 99, 88, 47, 36, 25, 44, 33, 117, 106, 120, 114, 103, 62, 51, 65, 59, 73, 7, 21, 10, 4, 18, 101, 115, 109, 123, 112, 71, 60, 54, 68, 57, 16, 5, 24, 13, 2, 86, 75, 94, 83, 97, 31, 45, 39, 28, 42]
[0, 20, 15, 10, 5, 100, 120, 115, 110, 105, 75, 95, 90, 85, 80, 50, 70, 65, 60, 55, 25, 45, 40, 35, 30, 27, 47, 42, 37, 32, 2, 22, 17, 12, 7, 102, 122, 117, 112, 107, 77, 97, 92, 87, 82, 52, 72, 67, 62, 57, 54, 74, 69, 64, 59, 29, 49, 44, 39, 34, 4, 24, 19, 14, 9, 104, 124, 119, 114, 109, 79, 99, 94, 89, 84, 76, 96, 91, 86, 81, 51, 71, 66, 61, 56, 26, 46, 41, 36, 31, 1, 21, 16, 11, 6, 101, 121, 116, 111, 106, 103, 123, 118, 113, 108, 78, 98, 93, 88, 83, 53, 73, 68, 63, 58, 28, 48, 43, 38, 33, 3, 23, 18, 13, 8]
[0, 21, 17, 13, 9, 105, 101, 122, 118, 114, 85, 81, 77, 98, 94, 65, 61, 57, 53, 74, 45, 41, 37, 33, 29, 52, 73, 69, 60, 56, 32, 28, 49, 40, 36, 12, 8, 4, 20, 16, 117, 113, 109, 100, 121, 97, 93, 89, 80, 76, 104, 120, 116, 112, 108, 84, 75, 96, 92, 88, 64, 55, 51, 72, 68, 44, 35, 31, 27, 48, 24, 15, 11, 7, 3, 26, 47, 43, 39, 30, 6, 2, 23, 19, 10, 111, 107, 103, 124, 115, 91, 87, 83, 79, 95, 71, 67, 63, 59, 50, 78, 99, 90, 86, 82, 58, 54, 70, 66, 62, 38, 34, 25, 46, 42, 18, 14, 5, 1, 22, 123, 119, 110, 106, 102]
[0, 22, 19, 11, 8, 110, 107, 104, 121, 118, 95, 92, 89, 81, 78, 55, 52, 74, 66, 63, 40, 37, 34, 26, 48, 77, 99, 91, 88, 80, 62, 59, 51, 73, 65, 47, 44, 36, 33, 25, 7, 4, 21, 18, 10, 117, 114, 106, 103, 120, 29, 46, 43, 35, 32, 14, 6, 3, 20, 17, 124, 116, 113, 105, 102, 84, 76, 98, 90, 87, 69, 61, 58, 50, 72, 101, 123, 115, 112, 109, 86, 83, 75, 97, 94, 71, 68, 60, 57, 54, 31, 28, 45, 42, 39, 16, 13, 5, 2, 24, 53, 70, 67, 64, 56, 38, 30, 27, 49, 41, 23, 15, 12, 9, 1, 108, 100, 122, 119, 111, 93, 85, 82, 79, 96]
[0, 23, 16, 14, 7, 115, 113, 106, 104, 122, 80, 78, 96, 94, 87, 70, 68, 61, 59, 52, 35, 33, 26, 49, 42, 102, 120, 118, 111, 109, 92, 85, 83, 76, 99, 57, 50, 73, 66, 64, 47, 40, 38, 31, 29, 12, 5, 3, 21, 19, 79, 97, 90, 88, 81, 69, 62, 55, 53, 71, 34, 27, 45, 43, 36, 24, 17, 10, 8, 1, 114, 107, 100, 123, 116, 51, 74, 67, 60, 58, 41, 39, 32, 25, 48, 6, 4, 22, 15, 13, 121, 119, 112, 105, 103, 86, 84, 77, 95, 93, 28, 46, 44, 37, 30, 18, 11, 9, 2, 20, 108, 101, 124, 117, 110, 98, 91, 89, 82, 75, 63, 56, 54, 72, 65]
[0, 24, 18, 12, 6, 120, 119, 113, 107, 101, 90, 89, 83, 77, 96, 60, 59, 53, 72, 66, 30, 29, 48, 42, 36, 2, 21, 15, 14, 8, 122, 116, 110, 109, 103, 92, 86, 80, 79, 98, 62, 56, 50, 74, 68, 32, 26, 45, 44, 38, 4, 23, 17, 11, 5, 124, 118, 112, 106, 100, 94, 88, 82, 76, 95, 64, 58, 52, 71, 65, 34, 28, 47, 41, 35, 1, 20, 19, 13, 7, 121, 115, 114, 108, 102, 91, 85, 84, 78, 97, 61, 55, 54, 73, 67, 31, 25, 49, 43, 37, 3, 22, 16, 10, 9, 123, 117, 111, 105, 104, 93, 87, 81, 75, 99, 63, 57, 51, 70, 69, 33, 27, 46, 40, 39]
[0, 25, 50, 75, 100, 103, 3, 28, 53, 78, 76, 101, 1, 26, 51, 54, 79, 104, 4, 29, 27, 52, 77, 102, 2, 42, 67, 92, 117, 17, 15, 40, 65, 90, 115, 118, 18, 43, 68, 93, 91, 116, 16, 41, 66, 69, 94, 119, 19, 44, 59, 84, 109, 9, 34, 32, 57, 82, 107, 7, 5, 30, 55, 80, 105, 108, 8, 33, 58, 83, 81, 106, 6, 31, 56, 96, 121, 21, 46, 71, 74, 99, 124, 24, 49, 47, 72, 97, 122, 22, 20, 45, 70, 95, 120, 123, 23, 48, 73, 98, 113, 13, 38, 63, 88, 86, 111, 11, 36, 61, 64, 89, 114, 14, 39, 37, 62, 87, 112, 12, 10, 35, 60, 85, 110]
[0, 26, 52, 78, 104, 108, 9, 30, 56, 82, 86, 112, 13, 39, 60, 69, 90, 116, 17, 43, 47, 73, 99, 120, 21, 67, 93, 119, 15, 41, 45, 71, 97, 123, 24, 3, 29, 50, 76, 102, 106, 7, 33, 59, 80, 89, 110, 11, 37, 63, 109, 5, 31, 57, 83, 87, 113, 14, 35, 61, 65, 91, 117, 18, 44, 48, 74, 95, 121, 22, 1, 27, 53, 79, 100, 46, 72, 98, 124, 20, 4, 25, 51, 77, 103, 107, 8, 34, 55, 81, 85, 111, 12, 38, 64, 68, 94, 115, 16, 42, 88, 114, 10, 36, 62, 66, 92, 118, 19, 40, 49, 70, 96, 122, 23, 2, 28, 54, 75, 101, 105, 6, 32, 58, 84]
[0, 27, 54, 76, 103, 113, 10, 37, 64, 86, 96, 123, 20, 47, 74, 59, 81, 108, 5, 32, 42, 69, 91, 118, 15, 92, 119, 16, 43, 65, 50, 77, 104, 1, 28, 38, 60, 87, 114, 11, 21, 48, 70, 97, 124, 109, 6, 33, 55, 82, 34, 56, 83, 105, 7, 17, 44, 66, 93, 115, 100, 2, 29, 51, 78, 88, 110, 12, 39, 61, 71, 98, 120, 22, 49, 121, 23, 45, 72, 99, 84, 106, 8, 30, 57, 67, 94, 116, 18, 40, 25, 52, 79, 101, 3, 13, 35, 62, 89, 111, 63, 85, 112, 14, 36, 46, 73, 95, 122, 24, 9, 31, 58, 80, 107, 117, 19, 41, 68, 90, 75, 102, 4, 26, 53]
[0, 28, 51, 79, 102, 118, 16, 44, 67, 90, 81, 109, 7, 30, 58, 74, 97, 120, 23, 46, 37, 60, 88, 111, 14, 117, 15, 43, 66, 94, 80, 108, 6, 34, 57, 73, 96, 124, 22, 45, 36, 64, 87, 110, 13, 4, 27, 50, 78, 101, 84, 107, 5, 33, 56, 72, 95, 123, 21, 49, 35, 63, 86, 114, 12, 3, 26, 54, 77, 100, 116, 19, 42, 65, 93, 71, 99, 122, 20, 48, 39, 62, 85, 113, 11, 2, 25, 53, 76, 104, 115, 18, 41, 69, 92, 83, 106, 9, 32, 55, 38, 61, 89, 112, 10, 1, 29, 52, 75, 103, 119, 17, 40, 68, 91, 82, 105, 8, 31, 59, 70, 98, 121, 24, 47]
[0, 29, 53, 77, 101, 123, 22, 46, 70, 99, 91, 115, 19, 43, 67, 64, 88, 112, 11, 35, 32, 56, 80, 109, 8, 17, 41, 65, 94, 118, 110, 14, 38, 62, 86, 83, 107, 6, 30, 59, 51, 75, 104, 3, 27, 49, 73, 97, 121, 20, 9, 33, 57, 81, 105, 102, 1, 25, 54, 78, 95, 124, 23, 47, 71, 68, 92, 116, 15, 44, 36, 60, 89, 113, 12, 21, 45, 74, 98, 122, 119, 18, 42, 66, 90, 87, 111, 10, 39, 63, 55, 84, 108, 7, 31, 28, 52, 76, 100, 4, 13, 37, 61, 85, 114, 106, 5, 34, 58, 82, 79, 103, 2, 26, 50, 72, 96, 120, 24, 48, 40, 69, 93, 117, 16]
[0, 30, 60, 90, 120, 3, 33, 63, 93, 123, 1, 31, 61, 91, 121, 4, 34, 64, 94, 124, 2, 32, 62, 92, 122, 15, 45, 50, 80, 110, 18, 48, 53, 83, 113, 16, 46, 51, 81, 111, 19, 49, 54, 84, 114, 17, 47, 52, 82, 112, 5, 35, 65, 95, 100, 8, 38, 68, 98, 103, 6, 36, 66, 96, 101, 9, 39, 69, 99, 104, 7, 37, 67, 97, 102, 20, 25, 55, 85, 115, 23, 28, 58, 88, 118, 21, 26, 56, 86, 116, 24, 29, 59, 89, 119, 22, 27, 57, 87, 117, 10, 40, 70, 75, 105, 13, 43, 73, 78, 108, 11, 41, 71, 76, 106, 14, 44, 74, 79, 109, 12, 42, 72, 77, 107]
[0, 31, 62, 93, 124, 8, 39, 65, 96, 102, 11, 42, 73, 79, 105, 19, 45, 51, 82, 113, 22, 28, 59, 85, 116, 40, 71, 77, 108, 14, 48, 54, 80, 111, 17, 26, 57, 88, 119, 20, 34, 60, 91, 122, 3, 37, 68, 99, 100, 6, 55, 86, 117, 23, 29, 63, 94, 120, 1, 32, 66, 97, 103, 9, 35, 74, 75, 106, 12, 43, 52, 83, 114, 15, 46, 95, 101, 7, 38, 69, 78, 109, 10, 41, 72, 81, 112, 18, 49, 50, 89, 115, 21, 27, 58, 92, 123, 4, 30, 61, 110, 16, 47, 53, 84, 118, 24, 25, 56, 87, 121, 2, 33, 64, 90, 104, 5, 36, 67, 98, 107, 13, 44, 70, 76]
[0, 32, 64, 91, 123, 13, 40, 72, 79, 106, 21, 28, 55, 87, 119, 9, 36, 68, 95, 102, 17, 49, 51, 83, 110, 65, 97, 104, 6, 38, 53, 80, 112, 19, 46, 61, 93, 120, 2, 34, 74, 76, 108, 10, 42, 57, 89, 116, 23, 25, 105, 12, 44, 71, 78, 118, 20, 27, 59, 86, 101, 8, 35, 67, 99, 114, 16, 48, 50, 82, 122, 4, 31, 63, 90, 45, 52, 84, 111, 18, 33, 60, 92, 124, 1, 41, 73, 75, 107, 14, 29, 56, 88, 115, 22, 37, 69, 96, 103, 5, 85, 117, 24, 26, 58, 98, 100, 7, 39, 66, 81, 113, 15, 47, 54, 94, 121, 3, 30, 62, 77, 109, 11, 43, 70]
[0, 33, 61, 94, 122, 18, 46, 54, 82, 110, 6, 39, 67, 95, 103, 24, 27, 55, 88, 116, 12, 40, 73, 76, 109, 90, 123, 1, 34, 62, 83, 111, 19, 47, 50, 96, 104, 7, 35, 68, 89, 117, 20, 28, 56, 77, 105, 13, 41, 74, 30, 63, 91, 124, 2, 48, 51, 84, 112, 15, 36, 69, 97, 100, 8, 29, 57, 85, 118, 21, 42, 70, 78, 106, 14, 120, 3, 31, 64, 92, 113, 16, 49, 52, 80, 101, 9, 37, 65, 98, 119, 22, 25, 58, 86, 107, 10, 43, 71, 79, 60, 93, 121, 4, 32, 53, 81, 114, 17, 45, 66, 99, 102, 5, 38, 59, 87, 115, 23, 26, 72, 75, 108, 11, 44]
[0, 34, 63, 92, 121, 23, 27, 56, 85, 119, 16, 45, 54, 83, 112, 14, 43, 72, 76, 105, 7, 36, 65, 99, 103, 115, 24, 28, 57, 86, 113, 17, 46, 50, 84, 106, 10, 44, 73, 77, 104, 8, 37, 66, 95, 122, 1, 30, 64, 93, 80, 114, 18, 47, 51, 78, 107, 11, 40, 74, 96, 100, 9, 38, 67, 94, 123, 2, 31, 60, 87, 116, 20, 29, 58, 70, 79, 108, 12, 41, 68, 97, 101, 5, 39, 61, 90, 124, 3, 32, 59, 88, 117, 21, 25, 52, 81, 110, 19, 48, 35, 69, 98, 102, 6, 33, 62, 91, 120, 4, 26, 55, 89, 118, 22, 49, 53, 82, 111, 15, 42, 71, 75, 109, 13]
[0, 35, 70, 80, 115, 28, 63, 98, 108, 18, 51, 86, 121, 6, 41, 79, 114, 24, 34, 69, 102, 12, 47, 57, 92, 118, 3, 38, 73, 83, 16, 26, 61, 96, 106, 44, 54, 89, 124, 9, 67, 77, 112, 22, 32, 90, 100, 10, 45, 55, 81, 116, 1, 36, 71, 109, 19, 29, 64, 99, 7, 42, 52, 87, 122, 30, 65, 75, 110, 20, 58, 93, 103, 13, 48, 74, 84, 119, 4, 39, 97, 107, 17, 27, 62, 120, 5, 40, 50, 85, 23, 33, 68, 78, 113, 46, 56, 91, 101, 11, 37, 72, 82, 117, 2, 60, 95, 105, 15, 25, 88, 123, 8, 43, 53, 111, 21, 31, 66, 76, 14, 49, 59, 94, 104]
[0, 36, 72, 83, 119, 33, 69, 75, 111, 22, 61, 97, 108, 19, 25, 94, 100, 11, 47, 58, 122, 8, 44, 50, 86, 18, 29, 60, 96, 107, 46, 57, 93, 104, 10, 54, 85, 121, 7, 43, 82, 118, 4, 35, 71, 110, 21, 32, 68, 79, 6, 42, 53, 89, 120, 39, 70, 81, 117, 3, 67, 78, 114, 20, 31, 95, 106, 17, 28, 64, 103, 14, 45, 56, 92, 24, 30, 66, 77, 113, 27, 63, 99, 105, 16, 55, 91, 102, 13, 49, 88, 124, 5, 41, 52, 116, 2, 38, 74, 80, 12, 48, 59, 90, 101, 40, 51, 87, 123, 9, 73, 84, 115, 1, 37, 76, 112, 23, 34, 65, 109, 15, 26, 62, 98]
[0, 37, 74, 81, 118, 38, 70, 82, 119, 1, 71, 83, 115, 2, 39, 84, 116, 3, 35, 72, 117, 4, 36, 73, 80, 43, 50, 87, 124, 6, 51, 88, 120, 7, 44, 89, 121, 8, 40, 52, 122, 9, 41, 53, 85, 5, 42, 54, 86, 123, 56, 93, 100, 12, 49, 94, 101, 13, 45, 57, 102, 14, 46, 58, 90, 10, 47, 59, 91, 103, 48, 55, 92, 104, 11, 99, 106, 18, 25, 62, 107, 19, 26, 63, 95, 15, 27, 64, 96, 108, 28, 60, 97, 109, 16, 61, 98, 105, 17, 29, 112, 24, 31, 68, 75, 20, 32, 69, 76, 113, 33, 65, 77, 114, 21, 66, 78, 110, 22, 34, 79, 111, 23, 30, 67]
[0, 38, 71, 84, 117, 43, 51, 89, 122, 5, 56, 94, 102, 10, 48, 99, 107, 15, 28, 61, 112, 20, 33, 66, 79, 68, 76, 114, 22, 30, 81, 119, 2, 35, 73, 124, 7, 40, 53, 86, 12, 45, 58, 91, 104, 25, 63, 96, 109, 17, 106, 19, 27, 60, 98, 24, 32, 65, 78, 111, 37, 70, 83, 116, 4, 50, 88, 121, 9, 42, 93, 101, 14, 47, 55, 49, 57, 90, 103, 11, 62, 95, 108, 16, 29, 75, 113, 21, 34, 67, 118, 1, 39, 72, 80, 6, 44, 52, 85, 123, 87, 120, 8, 41, 54, 100, 13, 46, 59, 92, 18, 26, 64, 97, 105, 31, 69, 77, 110, 23, 74, 82, 115, 3, 36]
[0, 39, 73, 82, 116, 48, 57, 91, 100, 14, 66, 75, 114, 23, 32, 89, 123, 7, 41, 50, 107, 16, 25, 64, 98, 93, 102, 11, 45, 59, 111, 20, 34, 68, 77, 9, 43, 52, 86, 120, 27, 61, 95, 109, 18, 70, 84, 118, 2, 36, 31, 65, 79, 113, 22, 54, 88, 122, 6, 40, 97, 106, 15, 29, 63, 115, 4, 38, 72, 81, 13, 47, 56, 90, 104, 124, 8, 42, 51, 85, 17, 26, 60, 99, 108, 35, 74, 83, 117, 1, 58, 92, 101, 10, 49, 76, 110, 24, 33, 67, 62, 96, 105, 19, 28, 80, 119, 3, 37, 71, 103, 12, 46, 55, 94, 21, 30, 69, 78, 112, 44, 53, 87, 121, 5]
[0, 40, 55, 95, 110, 53, 93, 108, 23, 38, 101, 16, 31, 71, 86, 29, 69, 84, 124, 14, 77, 117, 7, 47, 62, 91, 106, 21, 36, 51, 19, 34, 74, 89, 104, 67, 82, 122, 12, 27, 115, 5, 45, 60, 75, 43, 58, 98, 113, 3, 32, 72, 87, 102, 17, 80, 120, 10, 25, 65, 8, 48, 63, 78, 118, 56, 96, 111, 1, 41, 109, 24, 39, 54, 94, 123, 13, 28, 68, 83, 46, 61, 76, 116, 6, 99, 114, 4, 44, 59, 22, 37, 52, 92, 107, 70, 85, 100, 15, 30, 64, 79, 119, 9, 49, 112, 2, 42, 57, 97, 35, 50, 90, 105, 20, 88, 103, 18, 33, 73, 11, 26, 66, 81, 121]
[0, 41, 57, 98, 114, 58, 99, 110, 1, 42, 111, 2, 43, 59, 95, 44, 55, 96, 112, 3, 97, 113, 4, 40, 56, 116, 7, 48, 64, 75, 49, 60, 76, 117, 8, 77, 118, 9, 45, 61, 5, 46, 62, 78, 119, 63, 79, 115, 6, 47, 82, 123, 14, 25, 66, 10, 26, 67, 83, 124, 68, 84, 120, 11, 27, 121, 12, 28, 69, 80, 29, 65, 81, 122, 13, 73, 89, 100, 16, 32, 101, 17, 33, 74, 85, 34, 70, 86, 102, 18, 87, 103, 19, 30, 71, 15, 31, 72, 88, 104, 39, 50, 91, 107, 23, 92, 108, 24, 35, 51, 20, 36, 52, 93, 109, 53, 94, 105, 21, 37, 106, 22, 38, 54, 90]
[0, 42, 59, 96, 113, 63, 75, 117, 9, 46, 121, 13, 25, 67, 84, 34, 71, 88, 100, 17, 92, 109, 21, 38, 50, 16, 33, 70, 87, 104, 54, 91, 108, 20, 37, 112, 4, 41, 58, 95, 45, 62, 79, 116, 8, 83, 120, 12, 29, 66, 7, 49, 61, 78, 115, 65, 82, 124, 11, 28, 103, 15, 32, 74, 86, 36, 53, 90, 107, 24, 99, 111, 3, 40, 57, 23, 35, 52, 94, 106, 56, 98, 110, 2, 44, 119, 6, 48, 60, 77, 27, 69, 81, 123, 10, 85, 102, 19, 31, 73, 14, 26, 68, 80, 122, 72, 89, 101, 18, 30, 105, 22, 39, 51, 93, 43, 55, 97, 114, 1, 76, 118, 5, 47, 64]
[0, 43, 56, 99, 112, 68, 81, 124, 12, 25, 106, 24, 37, 50, 93, 49, 62, 75, 118, 6, 87, 100, 18, 31, 74, 41, 59, 97, 110, 3, 84, 122, 10, 28, 66, 22, 35, 53, 91, 109, 60, 78, 116, 9, 47, 103, 16, 34, 72, 85, 57, 95, 113, 1, 44, 120, 13, 26, 69, 82, 38, 51, 94, 107, 20, 76, 119, 7, 45, 63, 19, 32, 70, 88, 101, 98, 111, 4, 42, 55, 11, 29, 67, 80, 123, 54, 92, 105, 23, 36, 117, 5, 48, 61, 79, 30, 73, 86, 104, 17, 114, 2, 40, 58, 96, 27, 65, 83, 121, 14, 90, 108, 21, 39, 52, 8, 46, 64, 77, 115, 71, 89, 102, 15, 33]
[0, 44, 58, 97, 111, 73, 87, 101, 15, 34, 116, 5, 49, 63, 77, 39, 53, 92, 106, 20, 82, 121, 10, 29, 68, 66, 80, 124, 13, 27, 114, 3, 42, 56, 95, 32, 71, 85, 104, 18, 75, 119, 8, 47, 61, 23, 37, 51, 90, 109, 107, 21, 35, 54, 93, 25, 69, 83, 122, 11, 98, 112, 1, 40, 59, 16, 30, 74, 88, 102, 64, 78, 117, 6, 45, 48, 62, 76, 115, 9, 91, 105, 24, 38, 52, 14, 28, 67, 81, 120, 57, 96, 110, 4, 43, 100, 19, 33, 72, 86, 89, 103, 17, 31, 70, 7, 46, 60, 79, 118, 50, 94, 108, 22, 36, 123, 12, 26, 65, 84, 41, 55, 99, 113, 2]
[0, 45, 65, 85, 105, 78, 123, 18, 38, 58, 26, 71, 91, 111, 6, 104, 24, 44, 64, 84, 52, 97, 117, 12, 32, 69, 89, 109, 4, 49, 17, 37, 57, 77, 122, 90, 110, 5, 25, 70, 43, 63, 83, 103, 23, 116, 11, 31, 51, 96, 108, 3, 48, 68, 88, 56, 76, 121, 16, 36, 9, 29, 74, 94, 114, 82, 102, 22, 42, 62, 30, 50, 95, 115, 10, 47, 67, 87, 107, 2, 120, 15, 35, 55, 75, 73, 93, 113, 8, 28, 21, 41, 61, 81, 101, 99, 119, 14, 34, 54, 86, 106, 1, 46, 66, 39, 59, 79, 124, 19, 112, 7, 27, 72, 92, 60, 80, 100, 20, 40, 13, 33, 53, 98, 118]
[0, 46, 67, 88, 109, 83, 104, 20, 41, 62, 36, 57, 78, 124, 15, 119, 10, 31, 52, 98, 72, 93, 114, 5, 26, 94, 110, 6, 27, 73, 47, 68, 89, 105, 1, 100, 21, 42, 63, 84, 58, 79, 120, 16, 37, 11, 32, 53, 99, 115, 33, 54, 95, 116, 12, 111, 7, 28, 74, 90, 69, 85, 106, 2, 48, 22, 43, 64, 80, 101, 75, 121, 17, 38, 59, 122, 18, 39, 55, 76, 50, 96, 117, 13, 34, 8, 29, 70, 91, 112, 86, 107, 3, 49, 65, 44, 60, 81, 102, 23, 61, 82, 103, 24, 40, 19, 35, 56, 77, 123, 97, 118, 14, 30, 51, 25, 71, 92, 113, 9, 108, 4, 45, 66, 87]
[0, 47, 69, 86, 108, 88, 105, 2, 49, 66, 46, 68, 85, 107, 4, 109, 1, 48, 65, 87, 67, 89, 106, 3, 45, 119, 11, 33, 50, 97, 52, 99, 116, 13, 30, 10, 32, 54, 96, 118, 98, 115, 12, 34, 51, 31, 53, 95, 117, 14, 83, 100, 22, 44, 61, 41, 63, 80, 102, 24, 104, 21, 43, 60, 82, 62, 84, 101, 23, 40, 20, 42, 64, 81, 103, 72, 94, 111, 8, 25, 5, 27, 74, 91, 113, 93, 110, 7, 29, 71, 26, 73, 90, 112, 9, 114, 6, 28, 70, 92, 36, 58, 75, 122, 19, 124, 16, 38, 55, 77, 57, 79, 121, 18, 35, 15, 37, 59, 76, 123, 78, 120, 17, 39, 56]
[0, 48, 66, 89, 107, 93, 111, 9, 27, 70, 31, 54, 97, 115, 13, 124, 17, 35, 58, 76, 62, 80, 103, 21, 44, 19, 37, 55, 78, 121, 82, 100, 23, 41, 64, 45, 68, 86, 109, 2, 113, 6, 29, 72, 90, 51, 99, 117, 10, 33, 8, 26, 74, 92, 110, 96, 119, 12, 30, 53, 39, 57, 75, 123, 16, 102, 20, 43, 61, 84, 65, 88, 106, 4, 47, 22, 40, 63, 81, 104, 85, 108, 1, 49, 67, 28, 71, 94, 112, 5, 116, 14, 32, 50, 98, 59, 77, 120, 18, 36, 11, 34, 52, 95, 118, 79, 122, 15, 38, 56, 42, 60, 83, 101, 24, 105, 3, 46, 69, 87, 73, 91, 114, 7, 25]
[0, 49, 68, 87, 106, 98, 117, 11, 30, 54, 41, 60, 84, 103, 22, 114, 8, 27, 71, 90, 57, 76, 120, 19, 38, 44, 63, 82, 101, 20, 112, 6, 25, 74, 93, 55, 79, 123, 17, 36, 3, 47, 66, 85, 109, 96, 115, 14, 33, 52, 58, 77, 121, 15, 39, 1, 45, 69, 88, 107, 99, 118, 12, 31, 50, 42, 61, 80, 104, 23, 110, 9, 28, 72, 91, 97, 116, 10, 34, 53, 40, 64, 83, 102, 21, 113, 7, 26, 70, 94, 56, 75, 124, 18, 37, 4, 48, 67, 86, 105, 111, 5, 29, 73, 92, 59, 78, 122, 16, 35, 2, 46, 65, 89, 108, 95, 119, 13, 32, 51, 43, 62, 81, 100, 24]
[0, 50, 100, 25, 75, 76, 1, 51, 101, 26, 27, 77, 2, 52, 102, 103, 28, 78, 3, 53, 54, 104, 29, 79, 4, 59, 109, 34, 84, 9, 5, 55, 105, 30, 80, 81, 6, 56, 106, 31, 32, 82, 7, 57, 107, 108, 33, 83, 8, 58, 113, 38, 88, 13, 63, 64, 114, 39, 89, 14, 10, 60, 110, 35, 85, 86, 11, 61, 111, 36, 37, 87, 12, 62, 112, 42, 92, 17, 67, 117, 118, 43, 93, 18, 68, 69, 119, 44, 94, 19, 15, 65, 115, 40, 90, 91, 16, 66, 116, 41, 96, 21, 71, 121, 46, 47, 97, 22, 72, 122, 123, 48, 98, 23, 73, 74, 124, 49, 99, 24, 20, 70, 120, 45, 95]
[0, 51, 102, 28, 79, 81, 7, 58, 109, 30, 37, 88, 14, 60, 111, 118, 44, 90, 16, 67, 74, 120, 46, 97, 23, 84, 5, 56, 107, 33, 35, 86, 12, 63, 114, 116, 42, 93, 19, 65, 72, 123, 49, 95, 21, 3, 54, 100, 26, 77, 38, 89, 10, 61, 112, 119, 40, 91, 17, 68, 70, 121, 47, 98, 24, 1, 52, 103, 29, 75, 82, 8, 59, 105, 31, 117, 43, 94, 15, 66, 73, 124, 45, 96, 22, 4, 50, 101, 27, 78, 80, 6, 57, 108, 34, 36, 87, 13, 64, 110, 71, 122, 48, 99, 20, 2, 53, 104, 25, 76, 83, 9, 55, 106, 32, 39, 85, 11, 62, 113, 115, 41, 92, 18, 69]
[0, 52, 104, 26, 78, 86, 13, 60, 112, 39, 47, 99, 21, 73, 120, 108, 30, 82, 9, 56, 69, 116, 43, 90, 17, 109, 31, 83, 5, 57, 65, 117, 44, 91, 18, 1, 53, 100, 27, 79, 87, 14, 61, 113, 35, 48, 95, 22, 74, 121, 88, 10, 62, 114, 36, 49, 96, 23, 70, 122, 105, 32, 84, 6, 58, 66, 118, 40, 92, 19, 2, 54, 101, 28, 75, 67, 119, 41, 93, 15, 3, 50, 102, 29, 76, 89, 11, 63, 110, 37, 45, 97, 24, 71, 123, 106, 33, 80, 7, 59, 46, 98, 20, 72, 124, 107, 34, 81, 8, 55, 68, 115, 42, 94, 16, 4, 51, 103, 25, 77, 85, 12, 64, 111, 38]
[0, 53, 101, 29, 77, 91, 19, 67, 115, 43, 32, 80, 8, 56, 109, 123, 46, 99, 22, 70, 64, 112, 35, 88, 11, 9, 57, 105, 33, 81, 95, 23, 71, 124, 47, 36, 89, 12, 60, 113, 102, 25, 78, 1, 54, 68, 116, 44, 92, 15, 13, 61, 114, 37, 85, 79, 2, 50, 103, 26, 40, 93, 16, 69, 117, 106, 34, 82, 5, 58, 72, 120, 48, 96, 24, 17, 65, 118, 41, 94, 83, 6, 59, 107, 30, 49, 97, 20, 73, 121, 110, 38, 86, 14, 62, 51, 104, 27, 75, 3, 21, 74, 122, 45, 98, 87, 10, 63, 111, 39, 28, 76, 4, 52, 100, 119, 42, 90, 18, 66, 55, 108, 31, 84, 7]
[0, 54, 103, 27, 76, 96, 20, 74, 123, 47, 42, 91, 15, 69, 118, 113, 37, 86, 10, 64, 59, 108, 32, 81, 5, 34, 83, 7, 56, 105, 100, 29, 78, 2, 51, 71, 120, 49, 98, 22, 17, 66, 115, 44, 93, 88, 12, 61, 110, 39, 63, 112, 36, 85, 14, 9, 58, 107, 31, 80, 75, 4, 53, 102, 26, 46, 95, 24, 73, 122, 117, 41, 90, 19, 68, 92, 16, 65, 119, 43, 38, 87, 11, 60, 114, 109, 33, 82, 6, 55, 50, 104, 28, 77, 1, 21, 70, 124, 48, 97, 121, 45, 99, 23, 72, 67, 116, 40, 94, 18, 13, 62, 111, 35, 89, 84, 8, 57, 106, 30, 25, 79, 3, 52, 101]
[0, 55, 110, 40, 95, 101, 31, 86, 16, 71, 77, 7, 62, 117, 47, 53, 108, 38, 93, 23, 29, 84, 14, 69, 124, 32, 87, 17, 72, 102, 8, 63, 118, 48, 78, 109, 39, 94, 24, 54, 80, 10, 65, 120, 25, 56, 111, 41, 96, 1, 64, 119, 49, 79, 9, 35, 90, 20, 50, 105, 11, 66, 121, 26, 81, 112, 42, 97, 2, 57, 88, 18, 73, 103, 33, 91, 21, 51, 106, 36, 67, 122, 27, 82, 12, 43, 98, 3, 58, 113, 19, 74, 104, 34, 89, 115, 45, 75, 5, 60, 123, 28, 83, 13, 68, 99, 4, 59, 114, 44, 70, 100, 30, 85, 15, 46, 76, 6, 61, 116, 22, 52, 107, 37, 92]
[0, 56, 112, 43, 99, 106, 37, 93, 24, 50, 87, 18, 74, 100, 31, 68, 124, 25, 81, 12, 49, 75, 6, 62, 118, 57, 113, 44, 95, 1, 38, 94, 20, 51, 107, 19, 70, 101, 32, 88, 120, 26, 82, 13, 69, 76, 7, 63, 119, 45, 114, 40, 96, 2, 58, 90, 21, 52, 108, 39, 71, 102, 33, 89, 15, 27, 83, 14, 65, 121, 8, 64, 115, 46, 77, 41, 97, 3, 59, 110, 22, 53, 109, 35, 91, 103, 34, 85, 16, 72, 84, 10, 66, 122, 28, 60, 116, 47, 78, 9, 98, 4, 55, 111, 42, 54, 105, 36, 92, 23, 30, 86, 17, 73, 104, 11, 67, 123, 29, 80, 117, 48, 79, 5, 61]
[0, 57, 114, 41, 98, 111, 43, 95, 2, 59, 97, 4, 56, 113, 40, 58, 110, 42, 99, 1, 44, 96, 3, 55, 112, 82, 14, 66, 123, 25, 68, 120, 27, 84, 11, 29, 81, 13, 65, 122, 10, 67, 124, 26, 83, 121, 28, 80, 12, 69, 39, 91, 23, 50, 107, 20, 52, 109, 36, 93, 106, 38, 90, 22, 54, 92, 24, 51, 108, 35, 53, 105, 37, 94, 21, 116, 48, 75, 7, 64, 77, 9, 61, 118, 45, 63, 115, 47, 79, 6, 49, 76, 8, 60, 117, 5, 62, 119, 46, 78, 73, 100, 32, 89, 16, 34, 86, 18, 70, 102, 15, 72, 104, 31, 88, 101, 33, 85, 17, 74, 87, 19, 71, 103, 30]
[0, 58, 111, 44, 97, 116, 49, 77, 5, 63, 82, 10, 68, 121, 29, 73, 101, 34, 87, 15, 39, 92, 20, 53, 106, 107, 35, 93, 21, 54, 98, 1, 59, 112, 40, 64, 117, 45, 78, 6, 25, 83, 11, 69, 122, 16, 74, 102, 30, 88, 89, 17, 70, 103, 31, 50, 108, 36, 94, 22, 41, 99, 2, 55, 113, 7, 60, 118, 46, 79, 123, 26, 84, 12, 65, 66, 124, 27, 80, 13, 32, 85, 18, 71, 104, 23, 51, 109, 37, 90, 114, 42, 95, 3, 56, 75, 8, 61, 119, 47, 48, 76, 9, 62, 115, 14, 67, 120, 28, 81, 100, 33, 86, 19, 72, 91, 24, 52, 105, 38, 57, 110, 43, 96, 4]
[0, 59, 113, 42, 96, 121, 25, 84, 13, 67, 92, 21, 50, 109, 38, 63, 117, 46, 75, 9, 34, 88, 17, 71, 100, 7, 61, 115, 49, 78, 103, 32, 86, 15, 74, 99, 3, 57, 111, 40, 65, 124, 28, 82, 11, 36, 90, 24, 53, 107, 14, 68, 122, 26, 80, 105, 39, 93, 22, 51, 76, 5, 64, 118, 47, 72, 101, 30, 89, 18, 43, 97, 1, 55, 114, 16, 70, 104, 33, 87, 112, 41, 95, 4, 58, 83, 12, 66, 120, 29, 54, 108, 37, 91, 20, 45, 79, 8, 62, 116, 23, 52, 106, 35, 94, 119, 48, 77, 6, 60, 85, 19, 73, 102, 31, 56, 110, 44, 98, 2, 27, 81, 10, 69, 123]
[0, 60, 120, 30, 90, 1, 61, 121, 31, 91, 2, 62, 122, 32, 92, 3, 63, 123, 33, 93, 4, 64, 124, 34, 94, 5, 65, 100, 35, 95, 6, 66, 101, 36, 96, 7, 67, 102, 37, 97, 8, 68, 103, 38, 98, 9, 69, 104, 39, 99, 10, 70, 105, 40, 75, 11, 71, 106, 41, 76, 12, 72, 107, 42, 77, 13, 73, 108, 43, 78, 14, 74, 109, 44, 79, 15, 50, 110, 45, 80, 16, 51, 111, 46, 81, 17, 52, 112, 47, 82, 18, 53, 113, 48, 83, 19, 54, 114, 49, 84, 20, 55, 115, 25, 85, 21, 56, 116, 26, 86, 22, 57, 117, 27, 87, 23, 58, 118, 28, 88, 24, 59, 119, 29, 89]
[0, 61, 122, 33, 94, 6, 67, 103, 39, 95, 12, 73, 109, 40, 76, 18, 54, 110, 46, 82, 24, 55, 116, 27, 88, 30, 91, 2, 63, 124, 36, 97, 8, 69, 100, 42, 78, 14, 70, 106, 48, 84, 15, 51, 112, 29, 85, 21, 57, 118, 60, 121, 32, 93, 4, 66, 102, 38, 99, 5, 72, 108, 44, 75, 11, 53, 114, 45, 81, 17, 59, 115, 26, 87, 23, 90, 1, 62, 123, 34, 96, 7, 68, 104, 35, 77, 13, 74, 105, 41, 83, 19, 50, 111, 47, 89, 20, 56, 117, 28, 120, 31, 92, 3, 64, 101, 37, 98, 9, 65, 107, 43, 79, 10, 71, 113, 49, 80, 16, 52, 119, 25, 86, 22, 58]
[0, 62, 124, 31, 93, 11, 73, 105, 42, 79, 22, 59, 116, 28, 85, 8, 65, 102, 39, 96, 19, 51, 113, 45, 82, 55, 117, 29, 86, 23, 66, 103, 35, 97, 9, 52, 114, 46, 83, 15, 63, 120, 32, 94, 1, 74, 106, 43, 75, 12, 110, 47, 84, 16, 53, 121, 33, 90, 2, 64, 107, 44, 76, 13, 70, 118, 25, 87, 24, 56, 104, 36, 98, 5, 67, 40, 77, 14, 71, 108, 26, 88, 20, 57, 119, 37, 99, 6, 68, 100, 48, 80, 17, 54, 111, 34, 91, 3, 60, 122, 95, 7, 69, 101, 38, 81, 18, 50, 112, 49, 92, 4, 61, 123, 30, 78, 10, 72, 109, 41, 89, 21, 58, 115, 27]
[0, 63, 121, 34, 92, 16, 54, 112, 45, 83, 7, 65, 103, 36, 99, 23, 56, 119, 27, 85, 14, 72, 105, 43, 76, 80, 18, 51, 114, 47, 96, 9, 67, 100, 38, 87, 20, 58, 116, 29, 78, 11, 74, 107, 40, 94, 2, 60, 123, 31, 35, 98, 6, 69, 102, 26, 89, 22, 55, 118, 42, 75, 13, 71, 109, 33, 91, 4, 62, 120, 49, 82, 15, 53, 111, 115, 28, 86, 24, 57, 106, 44, 77, 10, 73, 122, 30, 93, 1, 64, 113, 46, 84, 17, 50, 104, 37, 95, 8, 66, 70, 108, 41, 79, 12, 61, 124, 32, 90, 3, 52, 110, 48, 81, 19, 68, 101, 39, 97, 5, 59, 117, 25, 88, 21]
[0, 64, 123, 32, 91, 21, 55, 119, 28, 87, 17, 51, 110, 49, 83, 13, 72, 106, 40, 79, 9, 68, 102, 36, 95, 105, 44, 78, 12, 71, 101, 35, 99, 8, 67, 122, 31, 90, 4, 63, 118, 27, 86, 20, 59, 114, 48, 82, 16, 50, 85, 24, 58, 117, 26, 81, 15, 54, 113, 47, 77, 11, 70, 109, 43, 98, 7, 66, 100, 39, 94, 3, 62, 121, 30, 65, 104, 38, 97, 6, 61, 120, 34, 93, 2, 57, 116, 25, 89, 23, 53, 112, 46, 80, 19, 74, 108, 42, 76, 10, 45, 84, 18, 52, 111, 41, 75, 14, 73, 107, 37, 96, 5, 69, 103, 33, 92, 1, 60, 124, 29, 88, 22, 56, 115]
[0, 65, 105, 45, 85, 26, 91, 6, 71, 111, 52, 117, 32, 97, 12, 78, 18, 58, 123, 38, 104, 44, 84, 24, 64, 108, 48, 88, 3, 68, 9, 74, 114, 29, 94, 30, 95, 10, 50, 115, 56, 121, 36, 76, 16, 82, 22, 62, 102, 42, 86, 1, 66, 106, 46, 112, 27, 92, 7, 72, 13, 53, 118, 33, 98, 39, 79, 19, 59, 124, 60, 100, 40, 80, 20, 69, 109, 49, 89, 4, 90, 5, 70, 110, 25, 116, 31, 96, 11, 51, 17, 57, 122, 37, 77, 43, 83, 23, 63, 103, 47, 87, 2, 67, 107, 73, 113, 28, 93, 8, 99, 14, 54, 119, 34, 120, 35, 75, 15, 55, 21, 61, 101, 41, 81]
[0, 66, 107, 48, 89, 31, 97, 13, 54, 115, 62, 103, 44, 80, 21, 93, 9, 70, 111, 27, 124, 35, 76, 17, 58, 8, 74, 110, 26, 92, 39, 75, 16, 57, 123, 65, 106, 47, 88, 4, 96, 12, 53, 119, 30, 102, 43, 84, 20, 61, 11, 52, 118, 34, 95, 42, 83, 24, 60, 101, 73, 114, 25, 91, 7, 79, 15, 56, 122, 38, 105, 46, 87, 3, 69, 19, 55, 121, 37, 78, 45, 86, 2, 68, 109, 51, 117, 33, 99, 10, 82, 23, 64, 100, 41, 113, 29, 90, 6, 72, 22, 63, 104, 40, 81, 28, 94, 5, 71, 112, 59, 120, 36, 77, 18, 85, 1, 67, 108, 49, 116, 32, 98, 14, 50]
[0, 67, 109, 46, 88, 36, 78, 15, 57, 124, 72, 114, 26, 93, 5, 83, 20, 62, 104, 41, 119, 31, 98, 10, 52, 33, 95, 12, 54, 116, 69, 106, 48, 85, 2, 75, 17, 59, 121, 38, 111, 28, 90, 7, 74, 22, 64, 101, 43, 80, 61, 103, 40, 82, 24, 97, 14, 51, 118, 30, 108, 45, 87, 4, 66, 19, 56, 123, 35, 77, 25, 92, 9, 71, 113, 94, 6, 73, 110, 27, 100, 42, 84, 21, 63, 11, 53, 115, 32, 99, 47, 89, 1, 68, 105, 58, 120, 37, 79, 16, 122, 39, 76, 18, 55, 8, 70, 112, 29, 91, 44, 81, 23, 60, 102, 50, 117, 34, 96, 13, 86, 3, 65, 107, 49]
[0, 68, 106, 49, 87, 41, 84, 22, 60, 103, 57, 120, 38, 76, 19, 98, 11, 54, 117, 30, 114, 27, 90, 8, 71, 58, 121, 39, 77, 15, 99, 12, 50, 118, 31, 110, 28, 91, 9, 72, 1, 69, 107, 45, 88, 42, 80, 23, 61, 104, 111, 29, 92, 5, 73, 2, 65, 108, 46, 89, 43, 81, 24, 62, 100, 59, 122, 35, 78, 16, 95, 13, 51, 119, 32, 44, 82, 20, 63, 101, 55, 123, 36, 79, 17, 96, 14, 52, 115, 33, 112, 25, 93, 6, 74, 3, 66, 109, 47, 85, 97, 10, 53, 116, 34, 113, 26, 94, 7, 70, 4, 67, 105, 48, 86, 40, 83, 21, 64, 102, 56, 124, 37, 75, 18]
[0, 69, 108, 47, 86, 46, 85, 4, 68, 107, 67, 106, 45, 89, 3, 88, 2, 66, 105, 49, 109, 48, 87, 1, 65, 83, 22, 61, 100, 44, 104, 43, 82, 21, 60, 20, 64, 103, 42, 81, 41, 80, 24, 63, 102, 62, 101, 40, 84, 23, 36, 75, 19, 58, 122, 57, 121, 35, 79, 18, 78, 17, 56, 120, 39, 124, 38, 77, 16, 55, 15, 59, 123, 37, 76, 119, 33, 97, 11, 50, 10, 54, 118, 32, 96, 31, 95, 14, 53, 117, 52, 116, 30, 99, 13, 98, 12, 51, 115, 34, 72, 111, 25, 94, 8, 93, 7, 71, 110, 29, 114, 28, 92, 6, 70, 5, 74, 113, 27, 91, 26, 90, 9, 73, 112]
[0, 70, 115, 35, 80, 51, 121, 41, 86, 6, 102, 47, 92, 12, 57, 28, 98, 18, 63, 108, 79, 24, 69, 114, 34, 81, 1, 71, 116, 36, 7, 52, 122, 42, 87, 58, 103, 48, 93, 13, 109, 29, 99, 19, 64, 30, 75, 20, 65, 110, 37, 82, 2, 72, 117, 88, 8, 53, 123, 43, 14, 59, 104, 49, 94, 60, 105, 25, 95, 15, 111, 31, 76, 21, 66, 118, 38, 83, 3, 73, 44, 89, 9, 54, 124, 90, 10, 55, 100, 45, 16, 61, 106, 26, 96, 67, 112, 32, 77, 22, 74, 119, 39, 84, 4, 120, 40, 85, 5, 50, 46, 91, 11, 56, 101, 97, 17, 62, 107, 27, 23, 68, 113, 33, 78]
[0, 71, 117, 38, 84, 56, 102, 48, 94, 10, 112, 33, 79, 20, 66, 43, 89, 5, 51, 122, 99, 15, 61, 107, 28, 106, 27, 98, 19, 60, 37, 83, 4, 70, 116, 93, 14, 55, 101, 47, 24, 65, 111, 32, 78, 50, 121, 42, 88, 9, 87, 8, 54, 120, 41, 18, 64, 105, 26, 97, 74, 115, 36, 82, 3, 100, 46, 92, 13, 59, 31, 77, 23, 69, 110, 68, 114, 30, 76, 22, 124, 40, 86, 7, 53, 25, 96, 17, 63, 109, 81, 2, 73, 119, 35, 12, 58, 104, 45, 91, 49, 90, 11, 57, 103, 75, 21, 67, 113, 34, 6, 52, 123, 44, 85, 62, 108, 29, 95, 16, 118, 39, 80, 1, 72]
[0, 72, 119, 36, 83, 61, 108, 25, 97, 19, 122, 44, 86, 8, 50, 33, 75, 22, 69, 111, 94, 11, 58, 100, 47, 6, 53, 120, 42, 89, 67, 114, 31, 78, 20, 103, 45, 92, 14, 56, 39, 81, 3, 70, 117, 95, 17, 64, 106, 28, 12, 59, 101, 48, 90, 73, 115, 37, 84, 1, 109, 26, 98, 15, 62, 40, 87, 9, 51, 123, 76, 23, 65, 112, 34, 18, 60, 107, 29, 96, 54, 121, 43, 85, 7, 110, 32, 79, 21, 68, 46, 93, 10, 57, 104, 82, 4, 71, 118, 35, 24, 66, 113, 30, 77, 55, 102, 49, 91, 13, 116, 38, 80, 2, 74, 27, 99, 16, 63, 105, 88, 5, 52, 124, 41]
[0, 73, 116, 39, 82, 66, 114, 32, 75, 23, 107, 25, 98, 16, 64, 48, 91, 14, 57, 100, 89, 7, 50, 123, 41, 31, 79, 22, 65, 113, 97, 15, 63, 106, 29, 13, 56, 104, 47, 90, 54, 122, 40, 88, 6, 115, 38, 81, 4, 72, 62, 105, 28, 96, 19, 103, 46, 94, 12, 55, 44, 87, 5, 53, 121, 80, 3, 71, 119, 37, 21, 69, 112, 30, 78, 93, 11, 59, 102, 45, 9, 52, 120, 43, 86, 70, 118, 36, 84, 2, 111, 34, 77, 20, 68, 27, 95, 18, 61, 109, 124, 42, 85, 8, 51, 35, 83, 1, 74, 117, 76, 24, 67, 110, 33, 17, 60, 108, 26, 99, 58, 101, 49, 92, 10]
[0, 74, 118, 37, 81, 71, 115, 39, 83, 2, 117, 36, 80, 4, 73, 38, 82, 1, 70, 119, 84, 3, 72, 116, 35, 56, 100, 49, 93, 12, 102, 46, 90, 14, 58, 48, 92, 11, 55, 104, 94, 13, 57, 101, 45, 10, 59, 103, 47, 91, 112, 31, 75, 24, 68, 33, 77, 21, 65, 114, 79, 23, 67, 111, 30, 20, 69, 113, 32, 76, 66, 110, 34, 78, 22, 43, 87, 6, 50, 124, 89, 8, 52, 121, 40, 5, 54, 123, 42, 86, 51, 120, 44, 88, 7, 122, 41, 85, 9, 53, 99, 18, 62, 106, 25, 15, 64, 108, 27, 96, 61, 105, 29, 98, 17, 107, 26, 95, 19, 63, 28, 97, 16, 60, 109]
[0, 75, 25, 100, 50, 54, 4, 79, 29, 104, 103, 53, 3, 78, 28, 27, 102, 52, 2, 77, 76, 26, 101, 51, 1, 96, 46, 121, 71, 21, 20, 95, 45, 120, 70, 74, 24, 99, 49, 124, 123, 73, 23, 98, 48, 47, 122, 72, 22, 97, 42, 117, 67, 17, 92, 91, 41, 116, 66, 16, 15, 90, 40, 115, 65, 69, 19, 94, 44, 119, 118, 68, 18, 93, 43, 113, 63, 13, 88, 38, 37, 112, 62, 12, 87, 86, 36, 111, 61, 11, 10, 85, 35, 110, 60, 64, 14, 89, 39, 114, 59, 9, 84, 34, 109, 108, 58, 8, 83, 33, 32, 107, 57, 7, 82, 81, 31, 106, 56, 6, 5, 80, 30, 105, 55]
[0, 76, 27, 103, 54, 59, 5, 81, 32, 108, 113, 64, 10, 86, 37, 42, 118, 69, 15, 91, 96, 47, 123, 74, 20, 121, 72, 23, 99, 45, 25, 101, 52, 3, 79, 84, 30, 106, 57, 8, 13, 89, 35, 111, 62, 67, 18, 94, 40, 116, 92, 43, 119, 65, 16, 21, 97, 48, 124, 70, 50, 1, 77, 28, 104, 109, 55, 6, 82, 33, 38, 114, 60, 11, 87, 63, 14, 85, 36, 112, 117, 68, 19, 90, 41, 46, 122, 73, 24, 95, 75, 26, 102, 53, 4, 9, 80, 31, 107, 58, 34, 105, 56, 7, 83, 88, 39, 110, 61, 12, 17, 93, 44, 115, 66, 71, 22, 98, 49, 120, 100, 51, 2, 78, 29]
[0, 77, 29, 101, 53, 64, 11, 88, 35, 112, 123, 70, 22, 99, 46, 32, 109, 56, 8, 80, 91, 43, 115, 67, 19, 21, 98, 45, 122, 74, 55, 7, 84, 31, 108, 119, 66, 18, 90, 42, 28, 100, 52, 4, 76, 87, 39, 111, 63, 10, 17, 94, 41, 118, 65, 51, 3, 75, 27, 104, 110, 62, 14, 86, 38, 49, 121, 73, 20, 97, 83, 30, 107, 59, 6, 13, 85, 37, 114, 61, 72, 24, 96, 48, 120, 106, 58, 5, 82, 34, 40, 117, 69, 16, 93, 79, 26, 103, 50, 2, 9, 81, 33, 105, 57, 68, 15, 92, 44, 116, 102, 54, 1, 78, 25, 36, 113, 60, 12, 89, 95, 47, 124, 71, 23]
[0, 78, 26, 104, 52, 69, 17, 90, 43, 116, 108, 56, 9, 82, 30, 47, 120, 73, 21, 99, 86, 39, 112, 60, 13, 46, 124, 72, 20, 98, 85, 38, 111, 64, 12, 4, 77, 25, 103, 51, 68, 16, 94, 42, 115, 107, 55, 8, 81, 34, 67, 15, 93, 41, 119, 106, 59, 7, 80, 33, 45, 123, 71, 24, 97, 89, 37, 110, 63, 11, 3, 76, 29, 102, 50, 88, 36, 114, 62, 10, 2, 75, 28, 101, 54, 66, 19, 92, 40, 118, 105, 58, 6, 84, 32, 49, 122, 70, 23, 96, 109, 57, 5, 83, 31, 48, 121, 74, 22, 95, 87, 35, 113, 61, 14, 1, 79, 27, 100, 53, 65, 18, 91, 44, 117]
[0, 79, 28, 102, 51, 74, 23, 97, 46, 120, 118, 67, 16, 90, 44, 37, 111, 60, 14, 88, 81, 30, 109, 58, 7, 71, 20, 99, 48, 122, 115, 69, 18, 92, 41, 39, 113, 62, 11, 85, 83, 32, 106, 55, 9, 2, 76, 25, 104, 53, 117, 66, 15, 94, 43, 36, 110, 64, 13, 87, 80, 34, 108, 57, 6, 4, 78, 27, 101, 50, 73, 22, 96, 45, 124, 38, 112, 61, 10, 89, 82, 31, 105, 59, 8, 1, 75, 29, 103, 52, 70, 24, 98, 47, 121, 119, 68, 17, 91, 40, 84, 33, 107, 56, 5, 3, 77, 26, 100, 54, 72, 21, 95, 49, 123, 116, 65, 19, 93, 42, 35, 114, 63, 12, 86]
[0, 80, 35, 115, 70, 79, 34, 114, 69, 24, 28, 108, 63, 18, 98, 102, 57, 12, 92, 47, 51, 6, 86, 41, 121, 74, 4, 84, 39, 119, 23, 78, 33, 113, 68, 97, 27, 107, 62, 17, 46, 101, 56, 11, 91, 120, 50, 5, 85, 40, 118, 73, 3, 83, 38, 67, 22, 77, 32, 112, 16, 96, 26, 106, 61, 90, 45, 100, 55, 10, 44, 124, 54, 9, 89, 37, 117, 72, 2, 82, 111, 66, 21, 76, 31, 60, 15, 95, 25, 105, 14, 94, 49, 104, 59, 88, 43, 123, 53, 8, 81, 36, 116, 71, 1, 30, 110, 65, 20, 75, 109, 64, 19, 99, 29, 58, 13, 93, 48, 103, 7, 87, 42, 122, 52]
[0, 81, 37, 118, 74, 84, 35, 116, 72, 3, 38, 119, 70, 1, 82, 117, 73, 4, 80, 36, 71, 2, 83, 39, 115, 99, 25, 106, 62, 18, 28, 109, 60, 16, 97, 107, 63, 19, 95, 26, 61, 17, 98, 29, 105, 15, 96, 27, 108, 64, 43, 124, 50, 6, 87, 122, 53, 9, 85, 41, 51, 7, 88, 44, 120, 5, 86, 42, 123, 54, 89, 40, 121, 52, 8, 112, 68, 24, 75, 31, 66, 22, 78, 34, 110, 20, 76, 32, 113, 69, 79, 30, 111, 67, 23, 33, 114, 65, 21, 77, 56, 12, 93, 49, 100, 10, 91, 47, 103, 59, 94, 45, 101, 57, 13, 48, 104, 55, 11, 92, 102, 58, 14, 90, 46]
[0, 82, 39, 116, 73, 89, 41, 123, 50, 7, 48, 100, 57, 14, 91, 107, 64, 16, 98, 25, 66, 23, 75, 32, 114, 124, 51, 8, 85, 42, 58, 10, 92, 49, 101, 17, 99, 26, 108, 60, 76, 33, 110, 67, 24, 35, 117, 74, 1, 83, 93, 45, 102, 59, 11, 27, 109, 61, 18, 95, 111, 68, 20, 77, 34, 70, 2, 84, 36, 118, 9, 86, 43, 120, 52, 62, 19, 96, 28, 105, 21, 78, 30, 112, 69, 80, 37, 119, 71, 3, 44, 121, 53, 5, 87, 103, 55, 12, 94, 46, 31, 113, 65, 22, 79, 115, 72, 4, 81, 38, 54, 6, 88, 40, 122, 13, 90, 47, 104, 56, 97, 29, 106, 63, 15]
[0, 83, 36, 119, 72, 94, 47, 100, 58, 11, 33, 111, 69, 22, 75, 122, 50, 8, 86, 44, 61, 19, 97, 25, 108, 24, 77, 30, 113, 66, 88, 41, 124, 52, 5, 27, 105, 63, 16, 99, 116, 74, 2, 80, 38, 55, 13, 91, 49, 102, 18, 96, 29, 107, 60, 82, 35, 118, 71, 4, 46, 104, 57, 10, 93, 110, 68, 21, 79, 32, 54, 7, 85, 43, 121, 12, 90, 48, 101, 59, 76, 34, 112, 65, 23, 40, 123, 51, 9, 87, 109, 62, 15, 98, 26, 73, 1, 84, 37, 115, 6, 89, 42, 120, 53, 95, 28, 106, 64, 17, 39, 117, 70, 3, 81, 103, 56, 14, 92, 45, 67, 20, 78, 31, 114]
[0, 84, 38, 117, 71, 99, 28, 107, 61, 15, 43, 122, 51, 5, 89, 112, 66, 20, 79, 33, 56, 10, 94, 48, 102, 49, 103, 57, 11, 90, 118, 72, 1, 80, 39, 62, 16, 95, 29, 108, 6, 85, 44, 123, 52, 75, 34, 113, 67, 21, 68, 22, 76, 30, 114, 12, 91, 45, 104, 58, 81, 35, 119, 73, 2, 25, 109, 63, 17, 96, 124, 53, 7, 86, 40, 87, 41, 120, 54, 8, 31, 110, 69, 23, 77, 100, 59, 13, 92, 46, 74, 3, 82, 36, 115, 18, 97, 26, 105, 64, 106, 60, 19, 98, 27, 50, 9, 88, 42, 121, 24, 78, 32, 111, 65, 93, 47, 101, 55, 14, 37, 116, 70, 4, 83]
[0, 85, 45, 105, 65, 104, 64, 24, 84, 44, 78, 38, 123, 58, 18, 52, 12, 97, 32, 117, 26, 111, 71, 6, 91, 47, 107, 67, 2, 87, 21, 81, 41, 101, 61, 120, 55, 15, 75, 35, 99, 34, 119, 54, 14, 73, 8, 93, 28, 113, 69, 4, 89, 49, 109, 43, 103, 63, 23, 83, 17, 77, 37, 122, 57, 116, 51, 11, 96, 31, 90, 25, 110, 70, 5, 86, 46, 106, 66, 1, 60, 20, 80, 40, 100, 39, 124, 59, 19, 79, 13, 98, 33, 118, 53, 112, 72, 7, 92, 27, 108, 68, 3, 88, 48, 82, 42, 102, 62, 22, 56, 16, 76, 36, 121, 30, 115, 50, 10, 95, 9, 94, 29, 114, 74]
[0, 86, 47, 108, 69, 109, 65, 1, 87, 48, 88, 49, 105, 66, 2, 67, 3, 89, 45, 106, 46, 107, 68, 4, 85, 72, 8, 94, 25, 111, 26, 112, 73, 9, 90, 5, 91, 27, 113, 74, 114, 70, 6, 92, 28, 93, 29, 110, 71, 7, 119, 50, 11, 97, 33, 98, 34, 115, 51, 12, 52, 13, 99, 30, 116, 31, 117, 53, 14, 95, 10, 96, 32, 118, 54, 36, 122, 58, 19, 75, 15, 76, 37, 123, 59, 124, 55, 16, 77, 38, 78, 39, 120, 56, 17, 57, 18, 79, 35, 121, 83, 44, 100, 61, 22, 62, 23, 84, 40, 101, 41, 102, 63, 24, 80, 20, 81, 42, 103, 64, 104, 60, 21, 82, 43]
[0, 87, 49, 106, 68, 114, 71, 8, 90, 27, 98, 30, 117, 54, 11, 57, 19, 76, 38, 120, 41, 103, 60, 22, 84, 97, 34, 116, 53, 10, 56, 18, 75, 37, 124, 40, 102, 64, 21, 83, 4, 86, 48, 105, 67, 113, 70, 7, 94, 26, 44, 101, 63, 20, 82, 3, 85, 47, 109, 66, 112, 74, 6, 93, 25, 96, 33, 115, 52, 14, 55, 17, 79, 36, 123, 111, 73, 5, 92, 29, 95, 32, 119, 51, 13, 59, 16, 78, 35, 122, 43, 100, 62, 24, 81, 2, 89, 46, 108, 65, 58, 15, 77, 39, 121, 42, 104, 61, 23, 80, 1, 88, 45, 107, 69, 110, 72, 9, 91, 28, 99, 31, 118, 50, 12]
[0, 88, 46, 109, 67, 119, 52, 10, 98, 31, 83, 41, 104, 62, 20, 72, 5, 93, 26, 114, 36, 124, 57, 15, 78, 122, 55, 18, 76, 39, 86, 49, 107, 65, 3, 50, 13, 96, 34, 117, 44, 102, 60, 23, 81, 8, 91, 29, 112, 70, 94, 27, 110, 73, 6, 58, 16, 79, 37, 120, 47, 105, 68, 1, 89, 11, 99, 32, 115, 53, 100, 63, 21, 84, 42, 61, 24, 82, 40, 103, 25, 113, 71, 9, 92, 19, 77, 35, 123, 56, 108, 66, 4, 87, 45, 97, 30, 118, 51, 14, 33, 116, 54, 12, 95, 22, 80, 43, 101, 64, 111, 74, 7, 90, 28, 75, 38, 121, 59, 17, 69, 2, 85, 48, 106]
[0, 89, 48, 107, 66, 124, 58, 17, 76, 35, 93, 27, 111, 70, 9, 62, 21, 80, 44, 103, 31, 115, 54, 13, 97, 22, 81, 40, 104, 63, 116, 50, 14, 98, 32, 85, 49, 108, 67, 1, 59, 18, 77, 36, 120, 28, 112, 71, 5, 94, 19, 78, 37, 121, 55, 113, 72, 6, 90, 29, 82, 41, 100, 64, 23, 51, 10, 99, 33, 117, 45, 109, 68, 2, 86, 11, 95, 34, 118, 52, 105, 69, 3, 87, 46, 79, 38, 122, 56, 15, 73, 7, 91, 25, 114, 42, 101, 60, 24, 83, 8, 92, 26, 110, 74, 102, 61, 20, 84, 43, 96, 30, 119, 53, 12, 65, 4, 88, 47, 106, 39, 123, 57, 16, 75]
[0, 90, 30, 120, 60, 4, 94, 34, 124, 64, 3, 93, 33, 123, 63, 2, 92, 32, 122, 62, 1, 91, 31, 121, 61, 20, 85, 25, 115, 55, 24, 89, 29, 119, 59, 23, 88, 28, 118, 58, 22, 87, 27, 117, 57, 21, 86, 26, 116, 56, 15, 80, 45, 110, 50, 19, 84, 49, 114, 54, 18, 83, 48, 113, 53, 17, 82, 47, 112, 52, 16, 81, 46, 111, 51, 10, 75, 40, 105, 70, 14, 79, 44, 109, 74, 13, 78, 43, 108, 73, 12, 77, 42, 107, 72, 11, 76, 41, 106, 71, 5, 95, 35, 100, 65, 9, 99, 39, 104, 69, 8, 98, 38, 103, 68, 7, 97, 37, 102, 67, 6, 96, 36, 101, 66]
[0, 91, 32, 123, 64, 9, 95, 36, 102, 68, 13, 79, 40, 106, 72, 17, 83, 49, 110, 51, 21, 87, 28, 119, 55, 45, 111, 52, 18, 84, 29, 115, 56, 22, 88, 33, 124, 60, 1, 92, 37, 103, 69, 5, 96, 41, 107, 73, 14, 75, 65, 6, 97, 38, 104, 74, 10, 76, 42, 108, 53, 19, 80, 46, 112, 57, 23, 89, 25, 116, 61, 2, 93, 34, 120, 85, 26, 117, 58, 24, 94, 30, 121, 62, 3, 98, 39, 100, 66, 7, 77, 43, 109, 70, 11, 81, 47, 113, 54, 15, 105, 71, 12, 78, 44, 114, 50, 16, 82, 48, 118, 59, 20, 86, 27, 122, 63, 4, 90, 31, 101, 67, 8, 99, 35]
[0, 92, 34, 121, 63, 14, 76, 43, 105, 72, 23, 85, 27, 119, 56, 7, 99, 36, 103, 65, 16, 83, 45, 112, 54, 70, 12, 79, 41, 108, 59, 21, 88, 25, 117, 68, 5, 97, 39, 101, 52, 19, 81, 48, 110, 61, 3, 90, 32, 124, 115, 57, 24, 86, 28, 104, 66, 8, 95, 37, 113, 50, 17, 84, 46, 122, 64, 1, 93, 30, 106, 73, 10, 77, 44, 35, 102, 69, 6, 98, 49, 111, 53, 15, 82, 33, 120, 62, 4, 91, 42, 109, 71, 13, 75, 26, 118, 55, 22, 89, 80, 47, 114, 51, 18, 94, 31, 123, 60, 2, 78, 40, 107, 74, 11, 87, 29, 116, 58, 20, 96, 38, 100, 67, 9]
[0, 93, 31, 124, 62, 19, 82, 45, 113, 51, 8, 96, 39, 102, 65, 22, 85, 28, 116, 59, 11, 79, 42, 105, 73, 95, 38, 101, 69, 7, 89, 27, 115, 58, 21, 78, 41, 109, 72, 10, 92, 30, 123, 61, 4, 81, 49, 112, 50, 18, 40, 108, 71, 14, 77, 34, 122, 60, 3, 91, 48, 111, 54, 17, 80, 37, 100, 68, 6, 99, 26, 119, 57, 20, 88, 110, 53, 16, 84, 47, 104, 67, 5, 98, 36, 118, 56, 24, 87, 25, 107, 70, 13, 76, 44, 121, 64, 2, 90, 33, 55, 23, 86, 29, 117, 74, 12, 75, 43, 106, 63, 1, 94, 32, 120, 52, 15, 83, 46, 114, 66, 9, 97, 35, 103]
[0, 94, 33, 122, 61, 24, 88, 27, 116, 55, 18, 82, 46, 110, 54, 12, 76, 40, 109, 73, 6, 95, 39, 103, 67, 120, 64, 3, 92, 31, 119, 58, 22, 86, 25, 113, 52, 16, 80, 49, 107, 71, 10, 79, 43, 101, 65, 9, 98, 37, 90, 34, 123, 62, 1, 89, 28, 117, 56, 20, 83, 47, 111, 50, 19, 77, 41, 105, 74, 13, 96, 35, 104, 68, 7, 60, 4, 93, 32, 121, 59, 23, 87, 26, 115, 53, 17, 81, 45, 114, 72, 11, 75, 44, 108, 66, 5, 99, 38, 102, 30, 124, 63, 2, 91, 29, 118, 57, 21, 85, 48, 112, 51, 15, 84, 42, 106, 70, 14, 78, 36, 100, 69, 8, 97]
[0, 95, 40, 110, 55, 29, 124, 69, 14, 84, 53, 23, 93, 38, 108, 77, 47, 117, 62, 7, 101, 71, 16, 86, 31, 123, 68, 13, 83, 28, 22, 92, 37, 107, 52, 46, 116, 61, 6, 76, 70, 15, 85, 30, 100, 99, 44, 114, 59, 4, 91, 36, 106, 51, 21, 115, 60, 5, 75, 45, 19, 89, 34, 104, 74, 43, 113, 58, 3, 98, 67, 12, 82, 27, 122, 64, 9, 79, 49, 119, 88, 33, 103, 73, 18, 112, 57, 2, 97, 42, 11, 81, 26, 121, 66, 35, 105, 50, 20, 90, 32, 102, 72, 17, 87, 56, 1, 96, 41, 111, 80, 25, 120, 65, 10, 109, 54, 24, 94, 39, 8, 78, 48, 118, 63]
[0, 96, 42, 113, 59, 34, 100, 71, 17, 88, 63, 9, 75, 46, 117, 92, 38, 109, 50, 21, 121, 67, 13, 84, 25, 23, 94, 35, 106, 52, 27, 123, 69, 10, 81, 56, 2, 98, 44, 110, 85, 31, 102, 73, 19, 119, 60, 6, 77, 48, 16, 87, 33, 104, 70, 45, 116, 62, 8, 79, 54, 20, 91, 37, 108, 83, 29, 120, 66, 12, 112, 58, 4, 95, 41, 14, 80, 26, 122, 68, 43, 114, 55, 1, 97, 72, 18, 89, 30, 101, 76, 47, 118, 64, 5, 105, 51, 22, 93, 39, 7, 78, 49, 115, 61, 36, 107, 53, 24, 90, 65, 11, 82, 28, 124, 99, 40, 111, 57, 3, 103, 74, 15, 86, 32]
[0, 97, 44, 111, 58, 39, 106, 53, 20, 92, 73, 15, 87, 34, 101, 82, 29, 121, 68, 10, 116, 63, 5, 77, 49, 48, 115, 62, 9, 76, 57, 4, 96, 43, 110, 91, 38, 105, 52, 24, 100, 72, 19, 86, 33, 14, 81, 28, 120, 67, 66, 13, 80, 27, 124, 75, 47, 119, 61, 8, 114, 56, 3, 95, 42, 23, 90, 37, 109, 51, 32, 104, 71, 18, 85, 89, 31, 103, 70, 17, 123, 65, 12, 84, 26, 7, 79, 46, 118, 60, 41, 113, 55, 2, 99, 50, 22, 94, 36, 108, 107, 54, 21, 93, 35, 16, 88, 30, 102, 74, 25, 122, 69, 11, 83, 64, 6, 78, 45, 117, 98, 40, 112, 59, 1]
[0, 98, 41, 114, 57, 44, 112, 55, 3, 96, 58, 1, 99, 42, 110, 97, 40, 113, 56, 4, 111, 59, 2, 95, 43, 73, 16, 89, 32, 100, 87, 30, 103, 71, 19, 101, 74, 17, 85, 33, 15, 88, 31, 104, 72, 34, 102, 70, 18, 86, 116, 64, 7, 75, 48, 5, 78, 46, 119, 62, 49, 117, 60, 8, 76, 63, 6, 79, 47, 115, 77, 45, 118, 61, 9, 39, 107, 50, 23, 91, 53, 21, 94, 37, 105, 92, 35, 108, 51, 24, 106, 54, 22, 90, 38, 20, 93, 36, 109, 52, 82, 25, 123, 66, 14, 121, 69, 12, 80, 28, 10, 83, 26, 124, 67, 29, 122, 65, 13, 81, 68, 11, 84, 27, 120]
[0, 99, 43, 112, 56, 49, 118, 62, 6, 75, 68, 12, 81, 25, 124, 87, 31, 100, 74, 18, 106, 50, 24, 93, 37, 98, 42, 111, 55, 4, 117, 61, 5, 79, 48, 11, 80, 29, 123, 67, 30, 104, 73, 17, 86, 54, 23, 92, 36, 105, 41, 110, 59, 3, 97, 60, 9, 78, 47, 116, 84, 28, 122, 66, 10, 103, 72, 16, 85, 34, 22, 91, 35, 109, 53, 114, 58, 2, 96, 40, 8, 77, 46, 115, 64, 27, 121, 65, 14, 83, 71, 15, 89, 33, 102, 90, 39, 108, 52, 21, 57, 1, 95, 44, 113, 76, 45, 119, 63, 7, 120, 69, 13, 82, 26, 19, 88, 32, 101, 70, 38, 107, 51, 20, 94]
[0, 100, 75, 50, 25, 27, 2, 102, 77, 52, 54, 29, 4, 104, 79, 76, 51, 26, 1, 101, 103, 78, 53, 28, 3, 113, 88, 63, 38, 13, 10, 110, 85, 60, 35, 37, 12, 112, 87, 62, 64, 39, 14, 114, 89, 86, 61, 36, 11, 111, 96, 71, 46, 21, 121, 123, 98, 73, 48, 23, 20, 120, 95, 70, 45, 47, 22, 122, 97, 72, 74, 49, 24, 124, 99, 59, 34, 9, 109, 84, 81, 56, 31, 6, 106, 108, 83, 58, 33, 8, 5, 105, 80, 55, 30, 32, 7, 107, 82, 57, 42, 17, 117, 92, 67, 69, 44, 19, 119, 94, 91, 66, 41, 16, 116, 118, 93, 68, 43, 18, 15, 115, 90, 65, 40]
[0, 101, 77, 53, 29, 32, 8, 109, 80, 56, 64, 35, 11, 112, 88, 91, 67, 43, 19, 115, 123, 99, 70, 46, 22, 13, 114, 85, 61, 37, 40, 16, 117, 93, 69, 72, 48, 24, 120, 96, 79, 50, 26, 2, 103, 106, 82, 58, 34, 5, 21, 122, 98, 74, 45, 28, 4, 100, 76, 52, 55, 31, 7, 108, 84, 87, 63, 39, 10, 111, 119, 90, 66, 42, 18, 9, 105, 81, 57, 33, 36, 12, 113, 89, 60, 68, 44, 15, 116, 92, 95, 71, 47, 23, 124, 102, 78, 54, 25, 1, 17, 118, 94, 65, 41, 49, 20, 121, 97, 73, 51, 27, 3, 104, 75, 83, 59, 30, 6, 107, 110, 86, 62, 38, 14]
[0, 102, 79, 51, 28, 37, 14, 111, 88, 60, 74, 46, 23, 120, 97, 81, 58, 30, 7, 109, 118, 90, 67, 44, 16, 38, 10, 112, 89, 61, 70, 47, 24, 121, 98, 82, 59, 31, 8, 105, 119, 91, 68, 40, 17, 1, 103, 75, 52, 29, 71, 48, 20, 122, 99, 83, 55, 32, 9, 106, 115, 92, 69, 41, 18, 2, 104, 76, 53, 25, 39, 11, 113, 85, 62, 84, 56, 33, 5, 107, 116, 93, 65, 42, 19, 3, 100, 77, 54, 26, 35, 12, 114, 86, 63, 72, 49, 21, 123, 95, 117, 94, 66, 43, 15, 4, 101, 78, 50, 27, 36, 13, 110, 87, 64, 73, 45, 22, 124, 96, 80, 57, 34, 6, 108]
[0, 103, 76, 54, 27, 42, 15, 118, 91, 69, 59, 32, 5, 108, 81, 96, 74, 47, 20, 123, 113, 86, 64, 37, 10, 63, 36, 14, 112, 85, 75, 53, 26, 4, 102, 117, 90, 68, 41, 19, 9, 107, 80, 58, 31, 46, 24, 122, 95, 73, 121, 99, 72, 45, 23, 13, 111, 89, 62, 35, 25, 3, 101, 79, 52, 67, 40, 18, 116, 94, 84, 57, 30, 8, 106, 34, 7, 105, 83, 56, 71, 49, 22, 120, 98, 88, 61, 39, 12, 110, 100, 78, 51, 29, 2, 17, 115, 93, 66, 44, 92, 65, 43, 16, 119, 109, 82, 55, 33, 6, 21, 124, 97, 70, 48, 38, 11, 114, 87, 60, 50, 28, 1, 104, 77]
[0, 104, 78, 52, 26, 47, 21, 120, 99, 73, 69, 43, 17, 116, 90, 86, 60, 39, 13, 112, 108, 82, 56, 30, 9, 88, 62, 36, 10, 114, 105, 84, 58, 32, 6, 2, 101, 75, 54, 28, 49, 23, 122, 96, 70, 66, 40, 19, 118, 92, 46, 20, 124, 98, 72, 68, 42, 16, 115, 94, 85, 64, 38, 12, 111, 107, 81, 55, 34, 8, 4, 103, 77, 51, 25, 109, 83, 57, 31, 5, 1, 100, 79, 53, 27, 48, 22, 121, 95, 74, 65, 44, 18, 117, 91, 87, 61, 35, 14, 113, 67, 41, 15, 119, 93, 89, 63, 37, 11, 110, 106, 80, 59, 33, 7, 3, 102, 76, 50, 29, 45, 24, 123, 97, 71]
[0, 105, 85, 65, 45, 52, 32, 12, 117, 97, 104, 84, 64, 44, 24, 26, 6, 111, 91, 71, 78, 58, 38, 18, 123, 86, 66, 46, 1, 106, 13, 118, 98, 53, 33, 60, 40, 20, 100, 80, 112, 92, 72, 27, 7, 39, 19, 124, 79, 59, 47, 2, 107, 87, 67, 99, 54, 34, 14, 119, 21, 101, 81, 61, 41, 73, 28, 8, 113, 93, 120, 75, 55, 35, 15, 108, 88, 68, 48, 3, 30, 10, 115, 95, 50, 82, 62, 42, 22, 102, 9, 114, 94, 74, 29, 56, 36, 16, 121, 76, 69, 49, 4, 109, 89, 116, 96, 51, 31, 11, 43, 23, 103, 83, 63, 90, 70, 25, 5, 110, 17, 122, 77, 57, 37]
[0, 106, 87, 68, 49, 57, 38, 19, 120, 76, 114, 90, 71, 27, 8, 41, 22, 103, 84, 60, 98, 54, 30, 11, 117, 111, 92, 73, 29, 5, 43, 24, 100, 81, 62, 95, 51, 32, 13, 119, 2, 108, 89, 65, 46, 59, 35, 16, 122, 78, 97, 53, 34, 10, 116, 4, 105, 86, 67, 48, 56, 37, 18, 124, 75, 113, 94, 70, 26, 7, 40, 21, 102, 83, 64, 58, 39, 15, 121, 77, 110, 91, 72, 28, 9, 42, 23, 104, 80, 61, 99, 50, 31, 12, 118, 1, 107, 88, 69, 45, 44, 20, 101, 82, 63, 96, 52, 33, 14, 115, 3, 109, 85, 66, 47, 55, 36, 17, 123, 79, 112, 93, 74, 25, 6]
[0, 107, 89, 66, 48, 62, 44, 21, 103, 80, 124, 76, 58, 35, 17, 31, 13, 115, 97, 54, 93, 70, 27, 9, 111, 11, 118, 95, 52, 34, 73, 25, 7, 114, 91, 105, 87, 69, 46, 3, 42, 24, 101, 83, 60, 79, 56, 38, 15, 122, 22, 104, 81, 63, 40, 59, 36, 18, 120, 77, 116, 98, 50, 32, 14, 28, 5, 112, 94, 71, 85, 67, 49, 1, 108, 8, 110, 92, 74, 26, 65, 47, 4, 106, 88, 102, 84, 61, 43, 20, 39, 16, 123, 75, 57, 96, 53, 30, 12, 119, 19, 121, 78, 55, 37, 51, 33, 10, 117, 99, 113, 90, 72, 29, 6, 45, 2, 109, 86, 68, 82, 64, 41, 23, 100]
[0, 108, 86, 69, 47, 67, 45, 3, 106, 89, 109, 87, 65, 48, 1, 46, 4, 107, 85, 68, 88, 66, 49, 2, 105, 36, 19, 122, 75, 58, 78, 56, 39, 17, 120, 15, 123, 76, 59, 37, 57, 35, 18, 121, 79, 124, 77, 55, 38, 16, 72, 25, 8, 111, 94, 114, 92, 70, 28, 6, 26, 9, 112, 90, 73, 93, 71, 29, 7, 110, 5, 113, 91, 74, 27, 83, 61, 44, 22, 100, 20, 103, 81, 64, 42, 62, 40, 23, 101, 84, 104, 82, 60, 43, 21, 41, 24, 102, 80, 63, 119, 97, 50, 33, 11, 31, 14, 117, 95, 53, 98, 51, 34, 12, 115, 10, 118, 96, 54, 32, 52, 30, 13, 116, 99]
[0, 109, 88, 67, 46, 72, 26, 5, 114, 93, 119, 98, 52, 31, 10, 36, 15, 124, 78, 57, 83, 62, 41, 20, 104, 61, 40, 24, 103, 82, 108, 87, 66, 45, 4, 25, 9, 113, 92, 71, 97, 51, 30, 14, 118, 19, 123, 77, 56, 35, 122, 76, 55, 39, 18, 44, 23, 102, 81, 60, 86, 65, 49, 3, 107, 8, 112, 91, 70, 29, 50, 34, 13, 117, 96, 33, 12, 116, 95, 54, 75, 59, 38, 17, 121, 22, 101, 80, 64, 43, 69, 48, 2, 106, 85, 111, 90, 74, 28, 7, 94, 73, 27, 6, 110, 11, 115, 99, 53, 32, 58, 37, 16, 120, 79, 100, 84, 63, 42, 21, 47, 1, 105, 89, 68]
[0, 110, 95, 55, 40, 77, 62, 47, 7, 117, 29, 14, 124, 84, 69, 101, 86, 71, 31, 16, 53, 38, 23, 108, 93, 64, 49, 9, 119, 79, 11, 121, 81, 66, 26, 88, 73, 33, 18, 103, 35, 20, 105, 90, 50, 112, 97, 57, 42, 2, 123, 83, 68, 28, 13, 70, 30, 15, 100, 85, 22, 107, 92, 52, 37, 99, 59, 44, 4, 114, 46, 6, 116, 76, 61, 32, 17, 102, 87, 72, 109, 94, 54, 39, 24, 56, 41, 1, 111, 96, 8, 118, 78, 63, 48, 80, 65, 25, 10, 120, 91, 51, 36, 21, 106, 43, 3, 113, 98, 58, 115, 75, 60, 45, 5, 67, 27, 12, 122, 82, 19, 104, 89, 74, 34]
[0, 111, 97, 58, 44, 82, 68, 29, 10, 121, 39, 20, 106, 92, 53, 116, 77, 63, 49, 5, 73, 34, 15, 101, 87, 89, 70, 31, 17, 103, 41, 2, 113, 99, 55, 123, 84, 65, 26, 12, 50, 36, 22, 108, 94, 7, 118, 79, 60, 46, 48, 9, 115, 76, 62, 100, 86, 72, 33, 19, 57, 43, 4, 110, 96, 14, 120, 81, 67, 28, 91, 52, 38, 24, 105, 107, 93, 54, 35, 21, 64, 45, 6, 117, 78, 16, 102, 88, 74, 30, 98, 59, 40, 1, 112, 25, 11, 122, 83, 69, 66, 27, 13, 124, 80, 23, 109, 90, 51, 37, 75, 61, 47, 8, 119, 32, 18, 104, 85, 71, 114, 95, 56, 42, 3]
[0, 112, 99, 56, 43, 87, 74, 31, 18, 100, 49, 6, 118, 75, 62, 106, 93, 50, 37, 24, 68, 25, 12, 124, 81, 114, 96, 58, 40, 2, 71, 33, 15, 102, 89, 8, 115, 77, 64, 46, 90, 52, 39, 21, 108, 27, 14, 121, 83, 65, 98, 55, 42, 4, 111, 30, 17, 104, 86, 73, 117, 79, 61, 48, 5, 54, 36, 23, 105, 92, 11, 123, 80, 67, 29, 57, 44, 1, 113, 95, 19, 101, 88, 70, 32, 76, 63, 45, 7, 119, 38, 20, 107, 94, 51, 120, 82, 69, 26, 13, 41, 3, 110, 97, 59, 103, 85, 72, 34, 16, 60, 47, 9, 116, 78, 22, 109, 91, 53, 35, 84, 66, 28, 10, 122]
[0, 113, 96, 59, 42, 92, 50, 38, 21, 109, 34, 17, 100, 88, 71, 121, 84, 67, 25, 13, 63, 46, 9, 117, 75, 14, 122, 80, 68, 26, 76, 64, 47, 5, 118, 43, 1, 114, 97, 55, 105, 93, 51, 39, 22, 72, 30, 18, 101, 89, 23, 106, 94, 52, 35, 85, 73, 31, 19, 102, 27, 10, 123, 81, 69, 119, 77, 60, 48, 6, 56, 44, 2, 110, 98, 7, 115, 78, 61, 49, 99, 57, 40, 3, 111, 36, 24, 107, 90, 53, 103, 86, 74, 32, 15, 65, 28, 11, 124, 82, 16, 104, 87, 70, 33, 83, 66, 29, 12, 120, 45, 8, 116, 79, 62, 112, 95, 58, 41, 4, 54, 37, 20, 108, 91]
[0, 114, 98, 57, 41, 97, 56, 40, 4, 113, 44, 3, 112, 96, 55, 111, 95, 59, 43, 2, 58, 42, 1, 110, 99, 39, 23, 107, 91, 50, 106, 90, 54, 38, 22, 53, 37, 21, 105, 94, 20, 109, 93, 52, 36, 92, 51, 35, 24, 108, 73, 32, 16, 100, 89, 15, 104, 88, 72, 31, 87, 71, 30, 19, 103, 34, 18, 102, 86, 70, 101, 85, 74, 33, 17, 82, 66, 25, 14, 123, 29, 13, 122, 81, 65, 121, 80, 69, 28, 12, 68, 27, 11, 120, 84, 10, 124, 83, 67, 26, 116, 75, 64, 48, 7, 63, 47, 6, 115, 79, 5, 119, 78, 62, 46, 77, 61, 45, 9, 118, 49, 8, 117, 76, 60]
[0, 115, 80, 70, 35, 102, 92, 57, 47, 12, 79, 69, 34, 24, 114, 51, 41, 6, 121, 86, 28, 18, 108, 98, 63, 37, 2, 117, 82, 72, 14, 104, 94, 59, 49, 111, 76, 66, 31, 21, 88, 53, 43, 8, 123, 60, 25, 15, 105, 95, 74, 39, 4, 119, 84, 46, 11, 101, 91, 56, 23, 113, 78, 68, 33, 120, 85, 50, 40, 5, 97, 62, 27, 17, 107, 81, 71, 36, 1, 116, 58, 48, 13, 103, 93, 30, 20, 110, 75, 65, 7, 122, 87, 52, 42, 109, 99, 64, 29, 19, 118, 83, 73, 38, 3, 90, 55, 45, 10, 100, 67, 32, 22, 112, 77, 44, 9, 124, 89, 54, 16, 106, 96, 61, 26]
[0, 116, 82, 73, 39, 107, 98, 64, 25, 16, 89, 50, 41, 7, 123, 66, 32, 23, 114, 75, 48, 14, 100, 91, 57, 62, 28, 19, 105, 96, 44, 5, 121, 87, 53, 21, 112, 78, 69, 30, 103, 94, 55, 46, 12, 80, 71, 37, 3, 119, 124, 85, 51, 42, 8, 76, 67, 33, 24, 110, 58, 49, 10, 101, 92, 35, 1, 117, 83, 74, 17, 108, 99, 60, 26, 31, 22, 113, 79, 65, 13, 104, 90, 56, 47, 115, 81, 72, 38, 4, 97, 63, 29, 15, 106, 54, 40, 6, 122, 88, 93, 59, 45, 11, 102, 70, 36, 2, 118, 84, 27, 18, 109, 95, 61, 9, 120, 86, 52, 43, 111, 77, 68, 34, 20]
[0, 117, 84, 71, 38, 112, 79, 66, 33, 20, 99, 61, 28, 15, 107, 56, 48, 10, 102, 94, 43, 5, 122, 89, 51, 87, 54, 41, 8, 120, 74, 36, 3, 115, 82, 31, 23, 110, 77, 69, 18, 105, 97, 64, 26, 100, 92, 59, 46, 13, 49, 11, 103, 90, 57, 6, 123, 85, 52, 44, 118, 80, 72, 39, 1, 75, 67, 34, 21, 113, 62, 29, 16, 108, 95, 106, 98, 60, 27, 19, 93, 55, 47, 14, 101, 50, 42, 9, 121, 88, 37, 4, 116, 83, 70, 24, 111, 78, 65, 32, 68, 30, 22, 114, 76, 25, 17, 109, 96, 63, 12, 104, 91, 58, 45, 124, 86, 53, 40, 7, 81, 73, 35, 2, 119]
[0, 118, 81, 74, 37, 117, 80, 73, 36, 4, 84, 72, 35, 3, 116, 71, 39, 2, 115, 83, 38, 1, 119, 82, 70, 112, 75, 68, 31, 24, 79, 67, 30, 23, 111, 66, 34, 22, 110, 78, 33, 21, 114, 77, 65, 20, 113, 76, 69, 32, 99, 62, 25, 18, 106, 61, 29, 17, 105, 98, 28, 16, 109, 97, 60, 15, 108, 96, 64, 27, 107, 95, 63, 26, 19, 56, 49, 12, 100, 93, 48, 11, 104, 92, 55, 10, 103, 91, 59, 47, 102, 90, 58, 46, 14, 94, 57, 45, 13, 101, 43, 6, 124, 87, 50, 5, 123, 86, 54, 42, 122, 85, 53, 41, 9, 89, 52, 40, 8, 121, 51, 44, 7, 120, 88]
[0, 119, 83, 72, 36, 122, 86, 50, 44, 8, 94, 58, 47, 11, 100, 61, 25, 19, 108, 97, 33, 22, 111, 75, 69, 12, 101, 90, 59, 48, 109, 98, 62, 26, 15, 76, 65, 34, 23, 112, 73, 37, 1, 115, 84, 40, 9, 123, 87, 51, 24, 113, 77, 66, 30, 116, 80, 74, 38, 2, 88, 52, 41, 5, 124, 55, 49, 13, 102, 91, 27, 16, 105, 99, 63, 6, 120, 89, 53, 42, 103, 92, 56, 45, 14, 95, 64, 28, 17, 106, 67, 31, 20, 114, 78, 39, 3, 117, 81, 70, 18, 107, 96, 60, 29, 110, 79, 68, 32, 21, 82, 71, 35, 4, 118, 54, 43, 7, 121, 85, 46, 10, 104, 93, 57]
[0, 120, 90, 60, 30, 2, 122, 92, 62, 32, 4, 124, 94, 64, 34, 1, 121, 91, 61, 31, 3, 123, 93, 63, 33, 10, 105, 75, 70, 40, 12, 107, 77, 72, 42, 14, 109, 79, 74, 44, 11, 106, 76, 71, 41, 13, 108, 78, 73, 43, 20, 115, 85, 55, 25, 22, 117, 87, 57, 27, 24, 119, 89, 59, 29, 21, 116, 86, 56, 26, 23, 118, 88, 58, 28, 5, 100, 95, 65, 35, 7, 102, 97, 67, 37, 9, 104, 99, 69, 39, 6, 101, 96, 66, 36, 8, 103, 98, 68, 38, 15, 110, 80, 50, 45, 17, 112, 82, 52, 47, 19, 114, 84, 54, 49, 16, 111, 81, 51, 46, 18, 113, 83, 53, 48]
[0, 121, 92, 63, 34, 7, 103, 99, 65, 36, 14, 105, 76, 72, 43, 16, 112, 83, 54, 45, 23, 119, 85, 56, 27, 35, 6, 102, 98, 69, 42, 13, 109, 75, 71, 49, 15, 111, 82, 53, 26, 22, 118, 89, 55, 33, 4, 120, 91, 62, 70, 41, 12, 108, 79, 52, 48, 19, 110, 81, 59, 25, 21, 117, 88, 61, 32, 3, 124, 90, 68, 39, 5, 101, 97, 80, 51, 47, 18, 114, 87, 58, 29, 20, 116, 94, 60, 31, 2, 123, 96, 67, 38, 9, 100, 78, 74, 40, 11, 107, 115, 86, 57, 28, 24, 122, 93, 64, 30, 1, 104, 95, 66, 37, 8, 106, 77, 73, 44, 10, 113, 84, 50, 46, 17]
[0, 122, 94, 61, 33, 12, 109, 76, 73, 40, 24, 116, 88, 55, 27, 6, 103, 95, 67, 39, 18, 110, 82, 54, 46, 60, 32, 4, 121, 93, 72, 44, 11, 108, 75, 59, 26, 23, 115, 87, 66, 38, 5, 102, 99, 53, 45, 17, 114, 81, 120, 92, 64, 31, 3, 107, 79, 71, 43, 10, 119, 86, 58, 25, 22, 101, 98, 65, 37, 9, 113, 80, 52, 49, 16, 30, 2, 124, 91, 63, 42, 14, 106, 78, 70, 29, 21, 118, 85, 57, 36, 8, 100, 97, 69, 48, 15, 112, 84, 51, 90, 62, 34, 1, 123, 77, 74, 41, 13, 105, 89, 56, 28, 20, 117, 96, 68, 35, 7, 104, 83, 50, 47, 19, 111]
[0, 123, 91, 64, 32, 17, 110, 83, 51, 49, 9, 102, 95, 68, 36, 21, 119, 87, 55, 28, 13, 106, 79, 72, 40, 85, 58, 26, 24, 117, 77, 70, 43, 11, 109, 94, 62, 30, 3, 121, 81, 54, 47, 15, 113, 98, 66, 39, 7, 100, 45, 18, 111, 84, 52, 37, 5, 103, 96, 69, 29, 22, 115, 88, 56, 41, 14, 107, 75, 73, 33, 1, 124, 92, 60, 105, 78, 71, 44, 12, 122, 90, 63, 31, 4, 114, 82, 50, 48, 16, 101, 99, 67, 35, 8, 118, 86, 59, 27, 20, 65, 38, 6, 104, 97, 57, 25, 23, 116, 89, 74, 42, 10, 108, 76, 61, 34, 2, 120, 93, 53, 46, 19, 112, 80]
[0, 124, 93, 62, 31, 22, 116, 85, 59, 28, 19, 113, 82, 51, 45, 11, 105, 79, 73, 42, 8, 102, 96, 65, 39, 110, 84, 53, 47, 16, 107, 76, 70, 44, 13, 104, 98, 67, 36, 5, 121, 90, 64, 33, 2, 118, 87, 56, 25, 24, 95, 69, 38, 7, 101, 92, 61, 30, 4, 123, 89, 58, 27, 21, 115, 81, 50, 49, 18, 112, 78, 72, 41, 10, 109, 55, 29, 23, 117, 86, 52, 46, 15, 114, 83, 74, 43, 12, 106, 75, 66, 35, 9, 103, 97, 63, 32, 1, 120, 94, 40, 14, 108, 77, 71, 37, 6, 100, 99, 68, 34, 3, 122, 91, 60, 26, 20, 119, 88, 57, 48, 17, 111, 80, 54]
