1 1.5288239383093677e-05
2 1.7610360208137548e-05
3 2.3032417939459464e-05
4 4.270814414970904e-05
5 5.972192697515276e-05
6 8.421558192159069e-05
7 0.00012911746948487845
8 0.00016748343648206627
9 0.00021215877567217877
10 0.0002845938421886671
11 0.00036343645185979266
12 0.00042522752064327873
13 0.0005249994241895556
14 0.0006171102169162846
15 0.0007130383497310233
16 0.0008825984796338826
17 0.0009893216424304097
18 0.001145126510275305
19 0.0013908597548520274
20 0.0016139079556614533
21 0.001808830175941223
22 0.0020830103445763017
23 0.002367362535166886
24 0.0026496342565305664
25 0.002946937462454322
26 0.0033601805741566614
27 0.0037694628651346474
28 0.004233192281798992
29 0.004631241549273737
30 0.005194100982427017
31 0.005726096975541371
32 0.0062802116414902185
33 0.0068884524895968195
34 0.007503991971125767
35 0.008178471787742154
36 0.008965070394243107
37 0.009735232916270285
38 0.010547812845368014
39 0.011462800190753696
40 0.012465548600100825
41 0.01340641909712179
42 0.014312805155939117
43 0.0157659355069643
44 0.016987136960951475
45 0.01798486354802655
46 0.019523836853454456
47 0.020725366357038127
48 0.02215155633068683
49 0.0235245414188946
50 0.02514764723850675
51 0.026963341830155797
52 0.028795404541766913
53 0.030537304776659228
54 0.03219216890238357
55 0.033985646650236984
56 0.03564777542712875
57 0.03786629945692568
58 0.0400643737202374
59 0.04220735141919505
60 0.04469348193899776
61 0.0469249116744524
62 0.05067657916487491
63 0.05309138848099622
64 0.055976361187581175
65 0.0590763320761161
66 0.06233283656309624
67 0.06539571015552098
68 0.0680354064900834
69 0.07153559018305572
70 0.07460633255564118
71 0.07981241417120487
72 0.08318289136891906
73 0.08684136063442509
74 0.09174820583127541
75 0.09372074741329187
76 0.09827490965439609
77 0.10312779480456755
78 0.10817625161368369
79 0.11335510589059596
80 0.11669932990767108
81 0.12419180566982106
82 0.12867522818141197
83 0.13386923476867651
84 0.13823481814395677
85 0.14309735425482473
86 0.15027529025566536
87 0.1570395187206384
88 0.16167884049522058
89 0.1673785521368984
90 0.17700064679560681
91 0.18284280827853308
92 0.18878292927801113
93 0.19805446675987015
94 0.2035670192388636
95 0.20991567491968907
96 0.2216022897999187
97 0.22682384844517856
98 0.23796581460566357
99 0.2443339685497881
100 0.2519303431717117
101 0.2638347238998676
102 0.272521532478936
103 0.28402486594945914
104 0.2920767349546168
105 0.305754064372195
106 0.31252687902051546
107 0.3237618659430382
108 0.33830423256556513
109 0.33928231740862885
110 0.3523551780084745
111 0.3613443531496614
112 0.3753327712415967
113 0.3871100016952823
114 0.3997605006114554
115 0.4089704849003283
116 0.43566433988908104
117 0.44679390630187754
118 0.4590121131639762
119 0.47509704765939204
120 0.4883550360381378
121 0.5001689673283181
122 0.5163089153204055
123 0.5256522233268697
124 0.5396386779996192
125 0.5561271706638081
126 0.5726664101635606
127 0.603871485149216
128 0.6176293525134042
129 0.6329713216190157
130 0.6560529005554372
131 0.6721939057732698
132 0.6829669983208987
133 0.7067599391490831
134 0.7214014206848333
135 0.7380267485664262
136 0.7783185655259558
137 0.796343773563376
138 0.8153816528289554
139 0.8362334671605367
140 0.8463575741351178
141 0.8712793677488208
142 0.8944468085186372
143 0.9327425077620773
144 0.9573533637335686
145 0.9842291370659041
146 0.990933722895852
147 1.0115387882908635
148 1.0501778215938884
149 1.0934425950965079
150 1.1180311738112778
151 1.1369673706153662
152 1.1516321111174193
153 1.1891379116997314
154 1.2350306463311427
155 1.2680791831872966
156 1.2888078684780795
157 1.3231559623189924
158 1.376181647995918
159 1.3852995403711248
160 1.4144734204010092
161 1.429506075460904
162 1.4823248847151718
163 1.5293044851669038
164 1.5528850746533862
165 1.593283671412746
166 1.6481785322006544
167 1.6853281232242352
168 1.6933919615350987
169 1.7347778561047562
170 1.8015838374349187
171 1.8300420889119777
172 1.8526353428300808
173 1.9352311416414978
174 1.9560168416061061
175 1.9899359661023481
176 2.066709849303879
177 2.0891663057625465
178 2.1366438217804444
179 2.206295024129304
180 2.224503736349061
181 2.299695518986482
182 2.3460983272801057
183 2.3787702652239657
184 2.462273881124793
185 2.4753183476618688
186 2.556814669460209
187 2.594796523690684
188 2.674137955121523
189 2.709904808149395
190 2.7759031445291837
191 2.8389817632335963
192 2.9032962033135847
193 2.9524373017937706
194 3.032350956657183
195 3.0681958178413877
196 3.1666920652564388
197 3.1942136902427594
198 3.3059091367335895
199 3.3261984314546225
