1 4.5796753583999815e-05
2 7.26653906804131e-05
3 7.831022096979723e-05
4 8.597133180956007e-05
5 8.937710906138818e-05
6 0.0001012406921836373
7 0.00010653437243490771
8 9.945851161319297e-05
9 0.00010455962582454959
10 0.00011482604299999366
11 0.00011948538782235119
12 0.00013392407076025847
13 0.00014429998634113872
14 0.00013375415954214987
15 0.00014350706696859562
16 0.00011220940926250478
17 0.00011792597987550835
18 0.0001319304451044445
19 0.00013368241920034052
20 0.000128792750165303
21 0.00013438849494377793
22 0.000143454205690432
23 0.00015751153223391156
24 0.0001501109521086619
25 0.00013773008347925497
26 0.00014585184261704852
27 0.00015015626171589248
28 0.00014560641525349639
29 0.00015098316333933326
30 0.00015970527567333193
31 0.00017268649746256414
32 0.00012554555681163038
33 0.00013141693547368048
34 0.00017640944241065882
35 0.00015338457606048906
36 0.000140139047834964
37 0.00014542895233716992
38 0.00015430587273840502
39 0.00016078893200756285
40 0.0001427594573397073
41 0.0001480342585909966
42 0.0001577720628483803
43 0.0001629826755470276
44 0.00018596978371533625
45 0.00019287573327346762
46 0.0001732453167278436
47 0.00017972082445339766
48 0.00014319745089778736
49 0.00014744900871846767
50 0.0001603094046276965
51 0.00016624497206066735
52 0.0001592748337316152
53 0.00016595045914073126
54 0.0002567246164471726
55 0.00021243818536277105
56 0.00016146102555467223
57 0.0001644892222066119
58 0.0001736040183368459
59 0.00018248471466904447
60 0.00019351762037331355
61 0.00017914690180987237
62 0.000212226740177357
63 0.00021589304797089425
64 0.00013850034796632826
65 0.00014387709595212072
66 0.00015599743392158416
67 0.000161396836865606
68 0.0001554612694417301
69 0.0001615025594310282
70 0.00017762902776667034
71 0.00018366276612141519
72 0.00018433485960485995
73 0.00016360945922315297
74 0.00017451776344387326
75 0.0001786409438591363
76 0.0001747292087020469
77 0.0001851466580228589
78 0.00019620599445261178
79 0.0001944728993657918
80 0.00016803847996015974
81 0.00017769321645573653
82 0.0001744611263893603
83 0.00018034005670415355
84 0.00017195399099364294
85 0.00017368708610774776
86 0.00018766889656035346
87 0.00019186381728104608
88 0.00017254679256438975
89 0.0001825111452217243
90 0.0002307886036760465
91 0.00019783714268669427
92 0.00019668174601065403
93 0.00019334393325152633
94 0.00020273058753446095
95 0.0002051773099356069
96 0.00015764746127388206
97 0.00015867070485910516
98 0.00019736139111955708
99 0.00019486935894747148
100 0.0001839421757722448
101 0.0001817220017346699
102 0.0001888469480945787
103 0.00019729720244868076
104 0.00017154620397377584
105 0.00017446867800572364
106 0.0001837420581250626
107 0.00024330162534170086
108 0.0001964627492270665
109 0.00019435962515672146
110 0.00020666497763158987
111 0.00021013871934883355
112 0.00017232402011359228
113 0.0001747933973092586
114 0.0001903119609596615
115 0.00021917799945185833
116 0.0002204164638351358
117 0.00019452198484032124
118 0.0002052188438756275
119 0.00022047310094421845
120 0.0002008200295858842
121 0.00019655714434520632
122 0.00020772597913492062
123 0.00021824159955031064
124 0.00021247594342639785
125 0.00020694816305876884
126 0.00021905339784098033
127 0.0002215227751639759
128 0.00015402268725665637
129 0.00016413807224125777
130 0.0001662260930515913
131 0.00017593369083442666
132 0.00020028008930239594
133 0.0001798756324842543
134 0.00018681178849874413
135 0.00018991927700881206
136 0.00017121770885751176
137 0.0001739211860785872
138 0.00018549025632637494
139 0.00019172411244653632
140 0.00020168091346022264
141 0.00022755273763323203
142 0.00020449388904125954
143 0.00020592869539541426
144 0.00017221829744812567
145 0.00017435540386941283
146 0.0001846558031411405
147 0.00018774063683849818
148 0.00018294158717253596
149 0.00022094885256592533
150 0.0002214963445203466
151 0.00020758627437317045
152 0.00018781615298394172
153 0.00019088588347585756
154 0.00020322899388702353
155 0.0002074088114204642
156 0.00019904162491002353
157 0.00023458706464225544
158 0.00024364522367250173
159 0.00022684288603159076
160 0.00017409864897672379
161 0.00018177486301283353
162 0.00018993060445609444
163 0.0001899608109397377
164 0.00018771420620396383
165 0.00020392374225593812
166 0.00022240253795644094
167 0.00020662721950429842
168 0.0001851277789228334
169 0.00019501283973113459
170 0.0002037462794669409
171 0.0002095723485126655
172 0.00020038203606418393
173 0.0002203824816206179
174 0.00024012239647163368
175 0.00022503049911392736
176 0.00018445946120664302
177 0.00018916411584541493
178 0.00019748976855225918
179 0.00021057671287962875
180 0.0002071445050114562
181 0.0002526014360773843
182 0.0002467715912644053
183 0.00022159073961120157
184 0.00020113719731853052
185 0.00020619677757167666
186 0.0002188230736192054
187 0.0002210545751859172
188 0.00022240631372369535
189 0.00023808723697584354
190 0.00023829868217035256
191 0.00025137429910500943
192 0.00017333216032056954
193 0.0001754390601763589
194 0.0001862416417679924
195 0.000191029364032147
196 0.00018388931449408118
197 0.00021962354454444722
198 0.00021830578817571221
199 0.00021565139640188134
200 0.00020822438561481248
201 0.00019509968314196158
202 0.00020074828925316978
203 0.0002029760149798676
204 0.00020523394709925924
205 0.0002364787435726612
206 0.00022158696378937748
207 0.00022608772477724414
208 0.00018738571103313006
209 0.0001980410362830298
210 0.00020069542795681628
211 0.0002041314115831483
212 0.00020397660363414617
213 0.00025121571522504385
214 0.00022077894119320262
215 0.00022085823321503994
216 0.00020231524879818608
217 0.00020769577274222682
218 0.0002304072471360996
219 0.00023770210477778165
220 0.00023347320180619135
221 0.0002453254574720631
222 0.000237264111319746
223 0.00023843461121032306
224 0.0001859773354135541
225 0.00019132387699755782
226 0.00020300999725805013
227 0.00020700480017694646
228 0.00021081836451230628
229 0.0002149415448820946
230 0.00022039380904061544
231 0.00022493232811029884
232 0.0002036330052669655
233 0.00020198297793285746
234 0.00021397116260231996
235 0.0002180301543103269
236 0.00026638690461368243
237 0.00023306163893721532
238 0.0002455859881501965
239 0.0002393785627100442
240 0.00019894722969183932
241 0.00020461093908124894
242 0.00022124336539491196
243 0.00025656980841631593
244 0.00022721669093698439
245 0.000219868971971664
246 0.00023635036611267425
247 0.0002363541418890236
248 0.00022753008270228747
249 0.0002214850169730198
250 0.00024804026214042096
251 0.0002530809634754405
252 0.0002344020501277555
253 0.00023751331445055258
254 0.0002509023233142216
255 0.0002577403082796081
256 0.00018618122891894017
257 0.0001721503329099505
258 0.00022733374075869505
259 0.0001960662895544374
260 0.00018445190954480495
261 0.00018927361422356624
262 0.0001998420958625502
263 0.0002045694052503677
264 0.00018491255805201944
265 0.00018329651291423943
266 0.00022193056220203288
267 0.00023411131307511822
268 0.00019818829270661808
269 0.0002105993677287188
270 0.0002148773561202688
271 0.00022081292349866998
272 0.00018027586789685302
273 0.0001859660080208414
274 0.00022536654579198513
275 0.00022824371018941746
276 0.00021326886276256117
277 0.00020529813583380018
278 0.0002193290316972707
279 0.00022056749612602288
280 0.00020305153100707684
281 0.0002050338293065579
282 0.00023718859511063785
283 0.00022205138800018175
284 0.00021340856756069115
285 0.00021650472861438176
286 0.0002306564503305708
287 0.00023266895502274565
288 0.00018738948691861878
289 0.00018971915926158545
290 0.0002463033913045365
291 0.00020846226141657098
292 0.00019677236532515962
293 0.00020607217606084306
294 0.00021957823488264695
295 0.00024172711417122628
296 0.00020018569420244604
297 0.00020421070357770076
298 0.00024873501055481026
299 0.000220597702636951
300 0.00021576467064733152
301 0.00021899298491916851
302 0.00023062246814333775
303 0.00023325042923715955
304 0.00019836575555927993
305 0.00023161928094850737
306 0.00023902363684101148
307 0.000218845728541055
308 0.00022100171384408895
309 0.00021455641257489333
310 0.0002294821746090747
311 0.00023483249205128232
312 0.00022328985241074406
313 0.0002814070617296238
314 0.00023167591801211528
315 0.00023886505305199536
316 0.00023140783571761858
317 0.00023538753554930736
318 0.0002525787812828639
319 0.00025035105561983074
320 0.0002221042492419656
321 0.00018716293854595278
322 0.00019864516523739438
323 0.00020620055341169063
324 0.00019655336855976203
325 0.00020519618898106272
326 0.0002169049640724552
327 0.0002202578799733601
328 0.00022338047175253452
329 0.00021567782705460558
330 0.00021503593999113945
331 0.00022359946852702707
332 0.00022457740236859537
333 0.0002231350443616975
334 0.0002286552730583935
335 0.0002782353845304897
336 0.000217573281879595
337 0.00020323276979070215
338 0.00022287073792540469
339 0.00021892502037189842
340 0.00021392207719145518
341 0.0002173467333886947
342 0.000229489726234533
343 0.00029475831249328624
344 0.00021254390787362354
345 0.0002161988883472077
346 0.00022956524229812204
347 0.00023220830674290484
348 0.00023583685647281526
349 0.00024108145133141078
350 0.00028448811961425237
351 0.00025188025717397976
352 0.00019744445884498419
353 0.0002021038036491518
354 0.00021647074638167396
355 0.0002146545836239966
356 0.00021371818355873983
357 0.0002332881872098369
358 0.0002911146594760794
359 0.00023522140009845315
360 0.00021447334491313087
361 0.00022260265565819283
362 0.0002331258275808068
363 0.0002340282453224063
364 0.00023595013068188563
365 0.0002545837343404855
366 0.0002447590865904203
367 0.0002640232499288686
368 0.00023946163048094605
369 0.00022333893793984315
370 0.00023181939861387945
371 0.0002490635057165491
372 0.0002677273158315074
373 0.0002303657132870285
374 0.00024546138654841344
375 0.0002548555923567619
376 0.00023658069034354412
377 0.00023590104517097642
378 0.000264302659616078
379 0.0002787073603394674
380 0.0002439019785470009
381 0.0002541117585315078
382 0.0002647519805123011
383 0.00027297191069010297
384 0.00019061780121774064
385 0.0002202276734988118
386 0.00021332549979888427
387 0.00020562285509186041
388 0.00020749943078953947
389 0.00020439194224309177
390 0.00021192845146288163
391 0.00021943097846815362
392 0.00019962309900620312
393 0.00023262742116457956
394 0.00022742058437870581
395 0.00022017858804247227
396 0.00021532667709834642
397 0.00022154165411848226
398 0.00023757750314871374
399 0.00023263119700459356
400 0.00019960044417530298
401 0.00023238954539920087
402 0.00022162849762935366
403 0.0002420178513330029
404 0.0002338168001642771
405 0.00021904207039369795
406 0.00023431898238413852
407 0.0002306451229196682
408 0.0002495166024709761
409 0.00023111332290682185
410 0.00022797185212766635
411 0.00023869514173384233
412 0.00023431143074049033
413 0.00023831000956306525
414 0.00026347575796535237
415 0.00029582686567664496
416 0.00020567194058457972
417 0.00020293448109441668
418 0.00025006409428897315
419 0.0002172636656450777
420 0.0002247246587921836
421 0.00022281410076175235
422 0.00027326642350999463
423 0.0002570002503398427
424 0.00021340479170248728
425 0.0002197217155207909
426 0.00023019580195068556
427 0.000234753200029445
428 0.00024239165612925716
429 0.00023889525953563862
430 0.00027872623936673333
431 0.00025085701362513645
432 0.00021517186903110996
433 0.00021980855912261176
434 0.0002268391102188616
435 0.00023317491311900085
436 0.00022537032158652436
437 0.000283245879372771
438 0.00026502006277951296
439 0.0002721865429339232
440 0.00023001456341262383
441 0.0002347985097730998
442 0.0002465488186953735
443 0.0002544478053732746
444 0.0002601719275389769
445 0.0002512308184304857
446 0.0002618861435621511
447 0.0002697813543909433
448 0.00019931348285354033
449 0.0002008766667222517
450 0.00021544372706557623
451 0.00026624719976098277
452 0.00021418638360046316
453 0.00022091109451139346
454 0.00022952370843995595
455 0.0002388046401210886
456 0.00022601598450819438
457 0.00022424513146688697
458 0.0002735986944480828
459 0.00024935424275099647
460 0.00023450777264770296
461 0.00023329196309532563
462 0.00024084735132419156
463 0.0002494259830109513
464 0.00021343499814975076
465 0.00023269160990821547
466 0.00026060614527523285
467 0.00023682611767071647
468 0.00023602564672728477
469 0.00023454553071132977
470 0.0002469339510025748
471 0.0002516914668103709
472 0.00026093086460605264
473 0.0002712010576033208
474 0.00025218987327207287
475 0.00024940710403825505
476 0.0002448270510922157
477 0.0002542137053387705
478 0.0002641025418142817
479 0.0002975108753526001
480 0.0002171050817651121
481 0.00022267439596362237
482 0.00022985597945989866
483 0.0002315966260539426
484 0.00022769621827137599
485 0.00023512700491664873
486 0.00026680601908992687
487 0.00025447423597142917
488 0.00023475697589674381
489 0.00023876310630839724
490 0.00024934291534918886
491 0.00027515432666405106
492 0.00024449855591228696
493 0.00030169824437507485
494 0.00026004732594628874
495 0.0002621693290620897
496 0.00022899509557646524
497 0.0002414967899767362
498 0.00024966763462543897
499 0.0002527222618846281
500 0.0002818110730186163
501 0.00025300167155364764
502 0.0002588994808047573
503 0.0002649974078849482
504 0.0002404093577115418
505 0.0002513516442650143
506 0.00030123759600428454
507 0.0003013131122042978
508 0.0002684938044967566
509 0.00026652283365365294
510 0.00027799750873782616
511 0.0002812371504023758
512 0.00017920731484991848
513 0.00023182695028481248
514 0.0001972934265540971
515 0.00019863761365741085
516 0.00019370641070054262
517 0.00019851301199196313
518 0.00021332549972612468
519 0.00022199852664925857
520 0.00019247549786996387
521 0.000249497723298191
522 0.00021753929955593777
523 0.0002229802363217459
524 0.00021577599804004422
525 0.00022873834074744082
526 0.00023583308061461138
527 0.00023269916152457882
528 0.00021547770936194865
529 0.000223357816985299
530 0.00021355204808969574
531 0.00021545505450376367
532 0.00021000656611249723
533 0.0002165236076052679
534 0.00023009007936707347
535 0.00022967474073084303
536 0.00025150645231406085
537 0.00022785480209677189
538 0.00023177031312116014
539 0.00022989373745986087
540 0.00022258755245275097
541 0.00023574623713102483
542 0.0002501811443107727
543 0.000290842801459803
544 0.000219008088188275
545 0.0002029873424089601
546 0.00021313670948984508
547 0.0002171805979560304
548 0.00022058259938603441
549 0.000216429212505318
550 0.00022779061346227535
551 0.0002773442942634574
552 0.00021383145781328494
553 0.00021791310437947688
554 0.00022881385687469446
555 0.00023248394055372046
556 0.0002303959197433869
557 0.00023394517763335897
558 0.00028580587603755704
559 0.0002656506224320765
560 0.00021971793976263143
561 0.0002203145170915377
562 0.00024611082521005303
563 0.0002297502568580967
564 0.00022874589236380417
565 0.00026253558226926546
566 0.00026290938699276013
567 0.0002497129442963342
568 0.0002405981481206254
569 0.00023473809682400315
570 0.0002419989722147875
571 0.00024732663480790505
572 0.0002793832295810716
573 0.0002569662680798501
574 0.00025914868409927295
575 0.00026319257252907844
576 0.00019642121535071055
577 0.00021045211130513053
578 0.00022412052981962916
579 0.0002593223711301107
580 0.0002286590488802176
581 0.00022064301221689676
582 0.00022902907790921744
583 0.00022922919557458955
584 0.00020986686131436728
585 0.00021678413829249622
586 0.00022998813265076023
587 0.00024800250414045875
588 0.00023027509392704816
589 0.0002324801648137509
590 0.00024082847229692561
591 0.00024299956088725595
592 0.0002111770660667389
593 0.00021873623011742894
594 0.00025165748455947324
595 0.00023705644189249143
596 0.00024104746903503839
597 0.00023504393715484184
598 0.0002501886959453259
599 0.00024949394758550625
600 0.00023072819063600037
601 0.00028101437786972385
602 0.00024005065622986877
603 0.0002476400267551071
604 0.00024308640441631724
605 0.000244170060777833
606 0.00026047021623526234
607 0.0002745048879751266
608 0.0002447515349922469
609 0.000216444315683475
610 0.00022728465540239996
611 0.00023253680182278914
612 0.00022655970061350673
613 0.0002494901717454923
614 0.0002508117039087665
615 0.0002942938883370516
616 0.00022459250552856247
617 0.00022772264892410022
618 0.00025064934433430606
619 0.00024583141553193857
620 0.00024668852351169337
621 0.0002523106989974622
622 0.00029173766756684927
623 0.00027886971991392784
624 0.00023355249374617414
625 0.00023148712774855083
626 0.00024085112718239544
627 0.0002508456862051389
628 0.0002630226613473496
629 0.00028017614891723497
630 0.0002664473175536841
631 0.00027001545436178276
632 0.00024504604790308803
633 0.00024951660243459627
634 0.0002598811904681497
635 0.0003095896793638531
636 0.0002648425998268067
637 0.00027100849146336256
638 0.00027548659754756956
639 0.0002816222827459569
640 0.0001975917152412876
641 0.00020542273739920347
642 0.00026025121943348497
643 0.0002149226658457337
644 0.0002087529984237335
645 0.00021481694324393174
646 0.00023324665336076577
647 0.00025679258094896796
648 0.00021856631877199107
649 0.0002531338247536041
650 0.00025062668948521604
651 0.0002321743244647223
652 0.00022808512629126198
653 0.00023212901477563717
654 0.00024133820612405545
655 0.00024902197177652854
656 0.00023451154851500178
657 0.00023749821122692082
658 0.00023530069195658144
659 0.0002325028195809864
660 0.00022793786987676868
661 0.00023387343733702437
662 0.00024433619628325685
663 0.00026414785153974665
664 0.0002540173633769882
665 0.0002451593220939685
666 0.00024752675260970137
667 0.00025498774570223757
668 0.0002454651623065729
669 0.00024634870100271656
670 0.0002804895407916774
671 0.0002849487679577578
672 0.00021414484971501223
673 0.00021451487873491715
674 0.0002249512072012294
675 0.0002313172164485877
676 0.00022946329554542899
677 0.00025411175852241286
678 0.0002780277151487098
679 0.00024956946372185486
680 0.00023116996002499945
681 0.00024004688048080426
682 0.00025854833081211836
683 0.0002525976602737501
684 0.00028030075050992307
685 0.0002661490288210189
686 0.0002588503954029875
687 0.0002675876109606179
688 0.00023010518270893954
689 0.000230577158390588
690 0.00024083602387690915
691 0.0002949357754550874
692 0.00025151400393042423
693 0.000245042272072169
694 0.0002555729956020514
695 0.00026098372598426067
696 0.00023838552569941385
697 0.0002561204874746181
698 0.00034576190298139407
699 0.0002677801771096711
700 0.00025918644209014017
701 0.0002610818968150852
702 0.00027643054917461993
703 0.0002819167955294688
704 0.00024012617241169209
705 0.0002331296034026309
706 0.00022979556650170707
707 0.0002348060613439884
708 0.00023568960004922702
709 0.0002374642289851181
710 0.00024307507702360455
711 0.00026596023859383423
712 0.0002443701785068697
713 0.0002379022224522487
714 0.0002489464556765597
715 0.0002664473175082094
716 0.0002465865768590447
717 0.0002542325843751314
718 0.0002981225558596634
719 0.0002686939221712237
720 0.0002286817037020228
721 0.00023368464693703572
722 0.00024412097527601873
723 0.0002482781379330845
724 0.00024352817373255676
725 0.0002958419689002767
726 0.00025732496971613727
727 0.0002655600029993366
728 0.00024601265428827904
729 0.00024638645907543833
730 0.0002615349936149869
731 0.00030695416662638306
732 0.00030067877672081524
733 0.0002628565257782611
734 0.0002756036475602741
735 0.0002777747361233196
736 0.00022723934568603
737 0.0002386989175556664
738 0.00028743324848619524
739 0.0002508909958669392
740 0.00024388687534155907
741 0.00025035860717252944
742 0.00026160673397498615
743 0.00025882018894662906
744 0.0002445287623686454
745 0.0003011658557170449
746 0.00026709675616984894
747 0.0003059686812594009
748 0.00026493699497223135
749 0.00026393263058707814
750 0.00027469745413327473
751 0.0002942410270861728
752 0.00024507247847395776
753 0.00024728132513700984
754 0.00025741936478880235
755 0.00026030030496258403
756 0.00025392674402610285
757 0.0002856510678793711
758 0.00031268961629393743
759 0.00027785780380327194
760 0.0002580348212268291
761 0.00026112720656783494
762 0.0002771819345798576
763 0.00029928172835752776
764 0.00033777229697079747
765 0.0002825964406838466
766 0.00029507170442229837
767 0.00029956491386656125
768 0.00019869047489919466
769 0.00019932858606807712
770 0.00024022434330618126
771 0.00025049831199794423
772 0.00021442048354401776
773 0.00021727121733420063
774 0.0002299843568380311
775 0.00023042612612698577
776 0.00021004809998885322
777 0.00021306119340806619
778 0.0002745917315223778
779 0.0002401714820007328
780 0.00023957490468092145
781 0.00023585951129462046
782 0.00024494410110492026
783 0.00024432864473055815
784 0.0002093533516745083
785 0.00023426234527505586
786 0.00022997680512162332
787 0.00023240842441737185
788 0.00023953714654453506
789 0.00023390364364786364
790 0.00023970705789906786
791 0.00025074751521060536
792 0.0002692376382583461
793 0.00024193100769480226
794 0.00024335071083442017
795 0.0002474172541133157
796 0.0002519104636121483
797 0.0002564565341890557
798 0.0002797872408609692
799 0.00031238377594490887
800 0.00021309895139893343
801 0.00021874755747376185
802 0.00022415451207052683
803 0.00022915367942005104
804 0.00022841362141662102
805 0.00023216299699925004
806 0.00027143893335960454
807 0.0002536209038225934
808 0.00023490800816034608
809 0.00023335992761531088
810 0.00024047354647336762
811 0.000245816312271927
812 0.00024291649314363894
813 0.00029226628038486524
814 0.0002868668775226979
815 0.00026438195144692147
816 0.0002312870099194697
817 0.00024013749979530984
818 0.000250638016832454
819 0.0002591335808392614
820 0.00028845649190770926
821 0.00024691129608072514
822 0.0002606061453207076
823 0.00025985853562815464
824 0.0002402885319224879
825 0.0002469603815370647
826 0.00028691218719359315
827 0.00029561164471488156
828 0.00025919021800291375
829 0.0002692904996274592
830 0.0002878976725969551
831 0.0002794474183065176
832 0.00021308007239895232
833 0.00025163105389765407
834 0.00022524194420839194
835 0.00022951993258175208
836 0.0002272204666860489
837 0.00023124925191041255
838 0.0002465676976589748
839 0.0002469603815825394
840 0.0002710802316778427
841 0.00023682611771619122
842 0.0002522616135684075
843 0.0002482554830658046
844 0.00024014882716983266
845 0.00024229348510743876
846 0.00026001711948993035
847 0.0003355370196914009
848 0.00022943686496546434
849 0.00023687897899435484
850 0.0002430826285490184
851 0.00024501206561581055
852 0.0002412022771750344
853 0.00024501961715941436
854 0.0003245871816488943
855 0.00026619056270646977
856 0.00024116451896588842
857 0.000256860545505333
858 0.00025976791623179453
859 0.00026366832411440556
860 0.0002741990476806677
861 0.0002736666590317327
862 0.00027880553121576666
863 0.0002826417503820267
864 0.00024113808848596818
865 0.00023350340825345484
866 0.0002455746606938192
867 0.00028348753096906875
868 0.00024626563331366926
869 0.00025164993295220486
870 0.0002592695098883269
871 0.00026799539806233953
872 0.00024064345771876105
873 0.00026510313046856026
874 0.0002981489865214826
875 0.0002668362255553802
876 0.00025726078095431146
877 0.00027014005592718604
878 0.00027858653450493873
879 0.00028602864853382925
880 0.00030770555203162074
881 0.00025326220221359106
882 0.0002597414856427349
883 0.000261399064638681
884 0.00025393429563337123
885 0.00025666420355264564
886 0.000294165510986204
887 0.0003149777547969279
888 0.00026124803234779393
889 0.00026302266130187493
890 0.0002756451814366301
891 0.00027877532477759814
892 0.00028201119072946313
893 0.00032865372491869494
894 0.00029430144006255434
895 0.0003161746854220837
896 0.0002107352967323095
897 0.0002269863666879246
898 0.00022910081813279248
899 0.0002745841798514448
900 0.0002474776670351275
901 0.00022810400533671783
902 0.00024197254157115822
903 0.0002459786719828116
904 0.00022357303789249271
905 0.0002314871276848862
906 0.00027307008152092747
907 0.00026317369351090746
908 0.00024632227035908727
909 0.0002492258652819146
910 0.0002589296872611158
911 0.00026815020609319615
912 0.00024396239151428745
913 0.00027131433167596695
914 0.0002486368395966565
915 0.00024767778484601876
916 0.0002449969623739889
917 0.0002538625553370366
918 0.00026060614530251766
919 0.00026803693193869546
920 0.0002787186877139902
921 0.0002486708217929845
922 0.00025927328569196105
923 0.0002667002965881693
924 0.00026120272264961385
925 0.0002635135160835489
926 0.00030837009398965165
927 0.0003099143987219577
928 0.0002444117123832257
929 0.00023482871623855316
930 0.0002490823846983403
931 0.0002489993170001981
932 0.00024376982532885448
933 0.00030593092313210943
934 0.000259699951757284
935 0.0002642233676124306
936 0.0002451517703775608
937 0.0002518424990739732
938 0.00025572402784746374
939 0.0002756414056511858
940 0.0002770346781653643
941 0.00026443103693054584
942 0.00027421415089520454
943 0.00028011573612275243
944 0.00024636758002088754
945 0.00026185216131125344
946 0.00031014094700367425
947 0.00027094052686152284
948 0.0002603493903825438
949 0.0002648048418268445
950 0.0002719788735885231
951 0.0002816638165677432
952 0.0002957286947639659
953 0.000284359742227025
954 0.0002742481331279123
955 0.0002777105474706332
956 0.00027578111044931577
957 0.0002865761405155354
958 0.00030594602634664625
959 0.00032502517517968955
960 0.0002377398627868388
961 0.00023513455651482217
962 0.00024967141050183275
963 0.00025004143949445277
964 0.00024272015119095158
965 0.00029646875274920605
966 0.00026208626124571313
967 0.000270192917314489
968 0.0002457181413774379
969 0.0002445476414868608
970 0.00025822361159953287
971 0.00028048954085534204
972 0.0003078263778024848
973 0.0002625733403237973
974 0.00027537709929674746
975 0.0002857681178920757
976 0.0002577025502887409
977 0.00025671706481261936
978 0.0003059800086157338
979 0.0002688109721748333
980 0.00025844260838312036
981 0.00026276968224919983
982 0.00027127279783599077
983 0.0002779295442269358
984 0.0002845598599560617
985 0.0002947998464151169
986 0.000274282115369715
987 0.00028461649708333425
988 0.000271978873615808
989 0.00027611338138740395
990 0.00029673683506189265
991 0.00031946341259754264
992 0.0002586767083084851
993 0.00025368886832438875
994 0.0002604437856189179
995 0.00026357392891441123
996 0.0002564301035454264
997 0.0003137732726736431
998 0.0002779106651996699
999 0.0002812447019914543
