1 4.870790780842071e-07
2 1.5220274826788227e-05
3 2.89944160158484e-05
4 4.146590394157101e-05
5 5.320110962202307e-05
6 6.698657814922626e-05
7 8.264484656137938e-05
8 9.410819421646011e-05
9 0.00010687419508940365
10 0.00011948538782235119
11 0.0001556953694762342
12 0.00016598066557889978
13 0.0001577796144738386
14 0.00017273180716983916
15 0.00019608516858170332
16 0.0002492485201400996
17 0.0002111808419067529
18 0.0002250682571957441
19 0.00027009097046175155
20 0.0002897402660164516
21 0.0002642988837487792
22 0.00027779361516877543
23 0.0002887698838731012
24 0.0003020871523858659
25 0.000337934656699872
26 0.0003605857181173633
27 0.0003445649723380484
28 0.0003553977603951353
29 0.00036812977898989627
30 0.0004254540689544228
31 0.00041482517448457654
32 0.00041403225517569806
33 0.0004212327176901454
34 0.0004416673809009808
35 0.0004910171681876818
36 0.0004585980960564484
37 0.00047485294177022295
38 0.0004993616999945516
39 0.0005370857799152873
40 0.0005228623179300484
41 0.0005325963462746586
42 0.0005729861454256025
43 0.0005431799311008945
44 0.0005719780051640555
45 0.0006268027115129371
46 0.0005943118989853247
47 0.0005943081231544056
48 0.0006501976067920623
49 0.0006370880075883178
50 0.0006397197446131031
51 0.0006816953823272343
52 0.0006663316268350172
53 0.0006859771465678932
54 0.0007363615048234351
55 0.0007362708853543154
56 0.0007236936748176958
57 0.0007810066374804591
58 0.00073359006298233
59 0.0008103219969507336
60 0.000760224600080619
61 0.0008269544233553461
62 0.000846063778608368
63 0.0008102162743762165
64 0.0008832139360038127
65 0.0008271507653080334
66 0.0008941788773245207
67 0.00086875259828048
68 0.0009185970160797296
69 0.0008839011327563639
70 0.0009342364054282371
71 0.0009126199149523018
72 0.0009424752146423998
73 0.0009623510585606709
74 0.0009647033858982468
75 0.000991568247181931
76 0.0009864407022269006
77 0.001008128933272019
78 0.0010429531939007575
79 0.0010115460378619901
80 0.0010807490141814923
81 0.0010621380653446978
82 0.0011145084977033548
83 0.0010711244842150336
84 0.001128777269341299
85 0.0011294757935138477
86 0.0011707075974663895
87 0.0011500728164719476
88 0.0011259001050348161
89 0.001202798174444979
90 0.0011570807127463923
91 0.0012376979513101106
92 0.0012281111794345634
93 0.0011861695239622349
94 0.0012616214595345808
95 0.0012732735975714603
96 0.0012292325937687564
97 0.0013040879521395254
98 0.0013008520862149453
99 0.0013270939394260494
100 0.0013440737400014769
101 0.0013494882460418011
102 0.0013482875397039607
103 0.001384403126221514
104 0.001388696217791221
105 0.0013512893056577013
106 0.0014293276685839373
107 0.0014428337274694058
108 0.001411732411634148
109 0.0014244644301743391
110 0.0014781563946780806
111 0.0014930783808540583
112 0.0014651185358434305
113 0.0014961330080222979
114 0.0015080381250390928
115 0.001529877388238674
116 0.0015388638070544403
117 0.0015516562384709687
118 0.0015513466223819705
119 0.0016006926338832273
120 0.001580854548010393
121 0.0015874999670177203
122 0.0015940660940123052
123 0.001639723142798175
124 0.0016521795275457407
125 0.0016498989405044995
126 0.001695235045899608
127 0.0016719798553094733
128 0.001662936799466479
129 0.001690590804146268
130 0.0017210351297035232
131 0.00170884305144682
132 0.0017618931288325256
133 0.0017734697507421516
134 0.001792303472120693
135 0.0018090642759398179
136 0.0018156870400162007
137 0.0018106954242011852
138 0.0018314812374592294
139 0.0018577457454648537
140 0.00188485603414847
141 0.0018810726763058483
142 0.0019075788360350997
143 0.0018951148996802659
144 0.001891097441830425
145 0.0019386461695830802
146 0.001984937553843338
147 0.0019919341227250696
148 0.001970023119274629
149 0.001987641031109888
150 0.001993248103271981
151 0.0020127312634122064
152 0.0020302472284402027
153 0.002024961099714346
154 0.0020525924496905645
155 0.0020633006361094886
156 0.0020866162395032006
157 0.002055254393062569
158 0.0021040717917094297
159 0.002111759333156442
160 0.002136928857416933
161 0.002140070328150614
162 0.0021874038349596957
163 0.0022646945882752335
164 0.002142196107060954
165 0.00218326932713353
166 0.0021720627342710942
167 0.002200581398574286
168 0.002186705310805337
169 0.0021979685408314254
170 0.0022351186981450157
171 0.0022616399610433293
172 0.0023027735940195273
173 0.002244029600806243
174 0.0022590233273149353
175 0.00230336261975026
176 0.002280216927620131
177 0.0022947651089361898
178 0.0023185526881843543
179 0.0023858375550025812
180 0.0023435825076467153
181 0.002361015404912905
182 0.00236679616418769
183 0.002401903610452791
184 0.0023942424996221236
185 0.002416908664354196
186 0.002424362105848559
187 0.00241818488683748
188 0.0024427918160472473
189 0.0025028346865383355
190 0.0024621465986729165
191 0.0024519405944647588
192 0.0025392674407248707
193 0.002454417523367738
194 0.002480700910455198
195 0.0025310588380216357
196 0.002556047123607641
197 0.002576723438396584
198 0.0025772558271364688
199 0.0025918379907761847
200 0.0026217386002190322
201 0.002625083964485384
202 0.0026513031628110184
203 0.0026746754034138575
204 0.0026516241063745836
205 0.0026641937653585045
206 0.002712078539771028
207 0.00262676419833042
208 0.0026895634072843675
209 0.002751422440587703
210 0.0027023898210427433
211 0.0027911212672097462
212 0.0027261698485290253
213 0.0027252900858638894
214 0.0028327759613239324
215 0.0027771583357753117
216 0.0027976609636334616
217 0.002835728641939568
218 0.002814017756099929
219 0.002880845750351
220 0.0028513302731698787
221 0.0029425499756507633
222 0.00285714879059924
223 0.0028695372107540606
224 0.0029584612230155473
225 0.0029129929645660014
226 0.0029495465445506853
227 0.0029351493954436593
228 0.003019655714442706
229 0.00296512929679011
230 0.0030203089289261697
231 0.0030096989134017348
232 0.0030425937372456245
233 0.0030666267438300564
234 0.0030839010572708504
235 0.003115870808442196
236 0.00303718300692708
237 0.003111151050798071
238 0.0030599397909008984
239 0.00314622829047039
240 0.00309273266803757
241 0.0031768009935422017
242 0.003150106043513006
243 0.0031108640894217388
244 0.00319477005529734
245 0.0031439779100310263
246 0.0031832387430404197
247 0.003206361780348743
248 0.0032675978057068278
249 0.0032875831479577755
250 0.0032171907926021957
251 0.003304997166260364
252 0.00330161781967945
253 0.0032526380614217487
254 0.003369593659108432
255 0.003294330513654131
256 0.003295504789439292
257 0.003379524029442109
258 0.003384583609731635
259 0.003342838296211994
260 0.0033643490642043614
261 0.0034230439719067363
262 0.003362665054610261
263 0.003423380018584794
264 0.0034853183439281566
265 0.003488104888838279
266 0.0034228438541686044
267 0.003551912238172008
268 0.003517627917781283
269 0.003525523128491841
270 0.0034834530955777155
271 0.00352242696749272
272 0.003577108193112508
273 0.0035940087017388577
274 0.003540448890553307
275 0.0036117738700158952
276 0.0036177283164033724
277 0.0036417990810059565
278 0.0036827476994676545
279 0.003656301952760259
280 0.0036010052706660647
281 0.0036827325962804024
282 0.0036430337696492644
283 0.0037669217475195184
284 0.00371342234918302
285 0.003705028732019855
286 0.0037214950229099487
287 0.0037178362667327747
288 0.003771309234380169
289 0.003804241816187641
290 0.003770380386094985
291 0.0038161809155008086
292 0.003775020851926456
293 0.0039098737710173736
294 0.003832152575878354
295 0.003828882727639211
296 0.0038468366862434776
297 0.0038756951730829314
298 0.0038645716479277325
299 0.0038938568010780726
300 0.0038962015766810507
301 0.003960514884001895
302 0.003961194529183558
303 0.004018360235331784
304 0.00396685068687475
305 0.003945777912313133
306 0.0040100723406249015
307 0.004000055126725783
308 0.004049895768866918
309 0.004044873946595544
310 0.004044432177279305
311 0.004081759797572886
312 0.0040488460947563
313 0.004096304203112595
314 0.004113476569846171
315 0.004131464510683145
316 0.004179677780148268
317 0.004156845480065385
318 0.004156958754265361
319 0.004134757013634954
320 0.0041216625176366505
321 0.004192753397155684
322 0.004220022269691981
323 0.004249866242043936
324 0.004209457563856631
325 0.004171778793661361
326 0.004208275736536962
327 0.004298306059999959
328 0.00429725638592572
329 0.004295557273107989
330 0.004272521079292347
331 0.004311570467280035
332 0.004288285070397251
333 0.004366840718721505
334 0.004361056183533947
335 0.004393969886405102
336 0.004398028878185869
337 0.004583266155477759
338 0.004541773820865274
339 0.004537057838888359
340 0.004504891745755231
341 0.004587800898661953
342 0.004598082419024649
343 0.004647911733727596
344 0.004598875338388098
345 0.004677219541599697
346 0.004743956916490788
347 0.004576609408995864
348 0.0046541644687749795
349 0.004706753897826274
350 0.004693032617997233
351 0.004636327560310747
352 0.004611007003722989
353 0.00475705141250728
354 0.004654213554385933
355 0.004691590260126759
356 0.004753249175610108
357 0.004728249562631391
358 0.004683192867005346
359 0.004794345050549964
360 0.004700531369153395
361 0.004791792605565206
362 0.004815179949209778
363 0.004832095561096139
364 0.004833156562690419
365 0.004837196675307496
366 0.004854127390462964
367 0.004870359581400407
368 0.004855010929104537
369 0.004902110335860925
370 0.00484161436865179
371 0.004937870996564016
372 0.004933260737170713
373 0.004943738599495191
374 0.004999495929932891
375 0.004947302960408706
376 0.005010075738919113
377 0.004981900672873962
378 0.005026255068523824
379 0.0049790725939965344
380 0.005078723671749686
381 0.005018616612569531
382 0.005081446028079881
383 0.005065561211304157
384 0.005113434658369442
385 0.005082495702145025
386 0.005135972445741572
387 0.005099683172129516
388 0.0051492708351725015
389 0.005153779147894966
390 0.005130637231550281
391 0.005236824229805279
392 0.005153688528480416
393 0.0051624521747089605
394 0.005203015660918027
395 0.005257542078506958
396 0.005257504320470616
397 0.005203982267285028
398 0.005312264838066767
399 0.005225021059532082
400 0.005315893387860342
401 0.005404843830738173
402 0.005313593921910069
403 0.005369366355562306
404 0.0053822456305442756
405 0.005353326730737535
406 0.005417545642858386
407 0.005409642880476895
408 0.005362230081773305
409 0.0053859496964742
410 0.005443028559102459
411 0.005403103184098654
412 0.005513817374057908
413 0.005492703065701789
414 0.005472079612109155
415 0.005543793499682579
416 0.005485336467709203
417 0.005556193247211922
418 0.00549383580752874
419 0.005567939780403322
420 0.0055636353613499525
421 0.005608986569777699
422 0.005586928309912764
423 0.005631214741015356
424 0.005635579572963251
425 0.00565590473796874
426 0.005671974569186205
427 0.0056401558501329415
428 0.005689992716515917
429 0.005676494209174052
430 0.005703804615668559
431 0.005719164595293477
432 0.005726470780400632
433 0.005738749702159112
434 0.00574878957088913
435 0.005808099935065912
436 0.0057529656125916515
437 0.0058498754550419104
438 0.005776292543432646
439 0.005753584844806028
440 0.005818793018224824
441 0.005835870989803879
442 0.005902665001767673
443 0.005891526373479792
444 0.0058844618399871255
445 0.00595400086308473
446 0.005896740761827459
447 0.005953872485788452
448 0.0059922082462799155
449 0.005974095703777493
450 0.0059399510882394676
451 0.006053402737634315
452 0.006016615057706076
453 0.006087139566279803
454 0.006003071240784265
455 0.00599669390402596
456 0.005862120394558587
457 0.00597912885353253
458 0.005953729005077548
459 0.0059778866133092376
460 0.00597693133431676
461 0.006024363012074901
462 0.006073316339688972
463 0.006006828168010543
464 0.006014002199790412
465 0.006079587953863665
466 0.006068151036779454
467 0.006087252840425208
468 0.006088755611308443
469 0.006091549707925878
470 0.0061121316276785366
471 0.006162938876123007
472 0.006198084080397166
473 0.0061382111212788006
474 0.006204567139648134
475 0.006195305087012457
476 0.006228781384961622
477 0.006184377903882705
478 0.006221754609614436
479 0.006175017680197925
480 0.0062141727906600865
481 0.006310308592846922
482 0.006403151891963717
483 0.006290534695626775
484 0.0063642308814633
485 0.00637809564195777
486 0.006293381653513279
487 0.006344691084268561
488 0.006329191399727279
489 0.006436250609367562
490 0.006390333029858084
491 0.006400119919526333
492 0.006526077039361553
493 0.00647350271347932
494 0.006578273784416524
495 0.00650750762426469
496 0.006448427584364254
497 0.0064716978780961654
498 0.006490792130134651
499 0.006487899862595441
500 0.006498041678087247
501 0.006620124820638011
502 0.006671611714209575
503 0.00655110685876025
504 0.006572459042854461
505 0.006634061321346962
506 0.006572847950901632
507 0.006584122508302244
508 0.006604870563460281
509 0.00668076804427983
510 0.0066129772193926325
511 0.006678196720267806
512 0.006753822343034699
513 0.006660907303585191
514 0.006761143631292725
515 0.006753844997847409
516 0.006739183542367755
517 0.006714074430956316
518 0.0067783688592408
519 0.00672480904800068
520 0.006747701761114513
521 0.006793872319594812
522 0.006835130554127318
523 0.006778266912442632
524 0.006875897933950909
525 0.006840824469918516
526 0.006850973837081256
527 0.006837335625077685
528 0.006868319890836574
529 0.00693077550155067
530 0.006830142714161411
531 0.00691399581870428
532 0.006995009516895152
533 0.0070285160212552
534 0.006972905947341132
535 0.007005589325890469
536 0.006916072512058236
537 0.007019359691257705
538 0.006947317308522542
539 0.006949469518094702
540 0.007002402545449513
541 0.007016252202638498
542 0.007191914035474838
543 0.007377358982103033
544 0.007353178719058633
545 0.007363241242728691
546 0.007326732972269383
547 0.007352672760980568
548 0.00741144696059564
549 0.007324040822468305
550 0.007355538597994382
551 0.0073036590204810636
552 0.007333053671964081
553 0.00736847073429999
554 0.0073072007267910525
555 0.00733525119117985
556 0.007411008967128509
557 0.00732785438679457
558 0.007329330727015986
559 0.007430137201517937
560 0.007361334460501894
561 0.007503255688943682
562 0.007444353111868623
563 0.007456960528907075
564 0.0075203185572263465
565 0.007486634589895402
566 0.007515863105854805
567 0.007504577221170621
568 0.007486755415766311
569 0.0075853152854688235
570 0.007470863047319654
571 0.007595513738078807
572 0.0076075698873773944
573 0.007631840769727205
574 0.007624013523418398
575 0.007615782265847883
576 0.007657134895607669
577 0.00767899681363815
578 0.007723721238307917
579 0.007618829341463424
580 0.007752470226869264
581 0.0077243744527277156
582 0.0077474295255615284
583 0.007777556683358853
584 0.00775168108332764
585 0.007733708245668822
586 0.007795423798343109
587 0.007791334600206028
588 0.007806490686425605
589 0.007801438657697873
590 0.00779881447239859
591 0.007807846200903441
592 0.007886851170169393
593 0.00791580405226341
594 0.00794715834712406
595 0.007858358936427976
596 0.007828092073732478
597 0.007892820719871452
598 0.007934686859171052
599 0.007878567051348
600 0.007937941604168372
601 0.007886586863760385
602 0.007983636410990584
603 0.007922287111532568
604 0.008062025923945839
605 0.008065216480144955
606 0.008096914373363689
607 0.00803405097565701
608 0.008102955663398461
609 0.008044981934581301
610 0.008014745278496776
611 0.008127687194064492
612 0.008130575685872827
613 0.008132267247046911
614 0.008153438192557587
615 0.00814214475611152
616 0.008163349683891284
617 0.008231314195782033
618 0.008666362588428456
619 0.008371623154844202
620 0.008240327045232334
621 0.008346083601600185
622 0.00825273812029991
623 0.008105534539035944
624 0.008187065522697594
625 0.008132248367946886
626 0.008141529299691683
627 0.00815816550191812
628 0.008117583136636313
629 0.008257944956985739
630 0.008220258635210484
631 0.00821852554009638
632 0.008363731719909992
633 0.008248373288361109
634 0.008300026317356242
635 0.008229350776500723
636 0.008256449737800722
637 0.00824469187718023
638 0.008272353433603712
639 0.008309843413517228
640 0.008346374338680107
641 0.008475454050058033
642 0.008446369014809534
643 0.008447599927621922
644 0.008405212727011531
645 0.008412669944245863
646 0.008415886931170463
647 0.008467732526432882
648 0.008435607967066971
649 0.00843813020566813
650 0.008489560462166992
651 0.00851187547691552
652 0.008592024515510275
653 0.008557086980599706
654 0.008601248810155084
655 0.008522628973069005
656 0.008599021084428386
657 0.00853573102053815
658 0.008568199178362192
659 0.00858805236744047
660 0.0086713806348871
661 0.00860023311826808
662 0.008697864139703597
663 0.008713024001635858
664 0.00873826149042543
665 0.008639493951304757
666 0.008684410942105387
667 0.008700620478221026
668 0.00868243241966411
669 0.008691045033674526
670 0.008811474373105739
671 0.008770608822342183
672 0.008776891763809545
673 0.0088542127236542
674 0.008759651432601458
675 0.008758911374598029
676 0.008859846226550871
677 0.008801124888195773
678 0.008807709894181243
679 0.008847978867552229
680 0.008849700635264525
681 0.008907055131658126
682 0.008900870361103444
683 0.008987128654107437
684 0.008920863255025325
685 0.008859423336261898
686 0.008998289937308073
687 0.008992233544222471
688 0.009020922119880197
689 0.009104318351855909
690 0.009324379889903867
691 0.00920113002333892
692 0.009354846870264737
693 0.009248701405813336
694 0.009376044246473612
695 0.009247198634957385
696 0.009191554578674186
697 0.009289449906591472
698 0.00914329222359811
699 0.009245786483443225
700 0.00926365737427659
701 0.009335348607019114
702 0.009352604041414452
703 0.009384875857203951
704 0.009339245238943477
705 0.009300917029995616
706 0.009400243388536183
707 0.009380511025274246
708 0.00936153759888839
709 0.00940885977828657
710 0.009375349498095603
711 0.00945628768012284
712 0.00942506176277675
713 0.009438348824851346
714 0.009454063730290728
715 0.00948079643832898
716 0.009452817714272897
717 0.00953044829013379
718 0.009548217234278128
719 0.009560499931940285
720 0.009531588583586199
721 0.009594897526512795
722 0.009592820833040605
723 0.009594448205589287
724 0.00963551387399093
725 0.00964882736675463
726 0.00969727851214884
727 0.009582984857888732
728 0.009646044597602668
729 0.00967971346160084
730 0.009660626761169624
731 0.00974929779438753
732 0.009651232555252137
733 0.009751661449126914
734 0.009728776287665823
735 0.00975292634424477
736 0.009780112148991976
737 0.00967213164271925
738 0.00978877762430784
739 0.009816956466111151
740 0.009780149907037412
741 0.009904355052549363
742 0.009947833461264963
743 0.009914055098843164
744 0.009872404180377999
745 0.009921387714530282
746 0.009928735433413749
747 0.00995369728836522
748 0.009979542681894599
749 0.009967022108476158
750 0.010072672942305872
751 0.009986237186340077
752 0.010032052819015006
753 0.010109113248136055
754 0.009797835783438132
755 0.009753998673222668
756 0.009865014927681841
757 0.009920179456566985
758 0.009883871304000423
759 0.009840585461361115
760 0.009969242282504637
761 0.009978277786831313
762 0.009910890973224014
763 0.01005425078382359
764 0.009935705571715516
765 0.009967305293930622
766 0.009973637320936177
767 0.009969223403486467
768 0.00999500460839954
769 0.009952473927132815
770 0.01004038224755277
771 0.010073707513174667
772 0.010050316393753747
773 0.010133557817634937
774 0.010092915039467697
775 0.010134018465960253
776 0.010108384517616286
777 0.010137907546368296
778 0.010069033065083204
779 0.010138390849588176
780 0.010176122481052517
781 0.010152081922888101
782 0.010235228951687532
783 0.010298583204175885
784 0.010227428136058734
785 0.010229618103649045
786 0.010288732125764
787 0.010262301482243856
788 0.010267293098058872
789 0.010245306578399322
790 0.010321615622187892
791 0.010327230246048202
792 0.01032780039273348
793 0.010443509974411427
794 0.010381730232975315
795 0.01038158675233717
796 0.01032848758946784
797 0.010385657071501554
798 0.010401005723724665
799 0.010352928383163089
800 0.010351527559032547
801 0.01050817443168853
802 0.01048319369771889
803 0.010531320123864134
804 0.010510583396107904
805 0.010497213266207837
806 0.01055897035275848
807 0.01047606497556444
808 0.010527801072421426
809 0.010537372741118815
810 0.010785877427479136
811 0.011042949418106218
812 0.01081553260955843
813 0.011060269041308857
814 0.010879309752372137
815 0.010882334173202253
816 0.010835374471225805
817 0.010836571401896436
818 0.010827471708862503
819 0.01088262491027308
820 0.010854967129744182
821 0.010896927664234682
822 0.010944638751652747
823 0.010931759476552543
824 0.010893616282173753
825 0.010901039517184472
826 0.010897728135232683
827 0.01104502233582025
828 0.010920515125662859
829 0.011014585561852072
830 0.011005772830130808
831 0.011072487550245569
832 0.01104594363252545
833 0.011039875911947092
834 0.011093616961852603
835 0.011049409822562665
836 0.011051501619249393
837 0.011135924870459349
838 0.01108762475738331
839 0.011193419071751122
840 0.01107502489203398
841 0.011255096866425446
842 0.011178704754993305
843 0.011278472882704591
844 0.011105031223978585
845 0.011209704124048585
846 0.011126821401712733
847 0.011248953629683455
848 0.01116599161542581
849 0.011298050437990242
850 0.011209579522483182
851 0.0113334939309334
852 0.011374019659142505
853 0.011359399737357308
854 0.011388545185654948
855 0.011265219802908177
856 0.011355763636038319
857 0.011361321622825927
858 0.01136004917608261
859 0.011386358993840986
860 0.011349031373511025
861 0.011518927550177978
862 0.011680656658036241
863 0.01147885491881425
864 0.011451555839821595
865 0.011621244347143147
866 0.011333025730982627
867 0.011338451564552088
868 0.011291152040048474
869 0.011324975712077502
870 0.011321082855902205
871 0.01137741410889248
872 0.011397686412501572
873 0.01144404198545999
874 0.011368646686860303
875 0.011424222778550756
876 0.011426122009152096
877 0.011388632029184009
878 0.011462350869851434
879 0.01135071538311422
880 0.011515408498835313
881 0.01154695158393224
882 0.011558158176849248
883 0.011516911269736738
884 0.011548250461264615
885 0.01158363731720783
886 0.011509472931493292
887 0.011546109579221593
888 0.011627689648394153
889 0.01156307050070609
890 0.011563727490993188
891 0.011780859003411024
892 0.011649336345444681
893 0.011716964810602803
894 0.011546422971041465
895 0.011650061300224479
896 0.011602508796677284
897 0.011698633271453217
898 0.011642271812006584
899 0.011684187036944422
900 0.011659485712580136
901 0.011835547780701745
902 0.011870957291421291
903 0.011763437433592117
904 0.0118220266186745
905 0.011906404560331794
906 0.011824231689543012
907 0.011961825843945917
908 0.011872731920420846
909 0.011855827635954483
910 0.011846977146133213
911 0.01189424646421685
912 0.012008634513667857
913 0.011984763866721551
914 0.011936830006707169
915 0.012151008838854978
916 0.012353546860185815
917 0.012360275346864
918 0.012332092729229771
919 0.01233418075010377
920 0.012187109322048854
921 0.01221024746250805
922 0.01226373930929185
923 0.012253918437327229
924 0.012240076331709133
925 0.012297132539515587
926 0.01231009110643754
927 0.012337292014472041
928 0.012277120766484587
929 0.012316634578601224
930 0.012554287597913572
931 0.012390916014373943
932 0.01238256015522893
933 0.012411883066306473
934 0.01235015241045403
935 0.012401401428123791
936 0.012405441540904576
937 0.01236466660955557
938 0.012402753166852562
939 0.012453405607293461
940 0.012426170717053537
941 0.012499225015735646
942 0.012556303878409381
943 0.012517363988863509
944 0.012542053985780512
945 0.012425404228342813
946 0.012519474664595692
947 0.012581246854251731
948 0.012553570194677377
949 0.012484865624783197
950 0.012620790872770158
951 0.012715869449284583
952 0.012693358092592462
953 0.012691492844342065
954 0.012624090927492943
955 0.012588469971624362
956 0.012729930551586222
957 0.012757437299842422
958 0.012694532368223009
959 0.012672719535776195
960 0.012733547773987084
961 0.012803302018064643
962 0.012858674216258805
963 0.012760997885152392
964 0.012985933989084516
965 0.01256934551305676
966 0.012620764442190194
967 0.012606892130233973
968 0.012625963727250564
969 0.012604588888334546
970 0.012664650637898376
971 0.012731014207902262
972 0.012699897788916132
973 0.012701442093712103
974 0.012579253228559538
975 0.012701170235632163
976 0.012692138507154595
977 0.012727691498475906
978 0.012728291851663015
979 0.012756931341828022
980 0.01276583846882204
981 0.012753072467921811
982 0.012838515186913355
983 0.01285891209206966
984 0.012779000929322137
985 0.012845145502533342
986 0.01284383529781735
987 0.012867003644751095
988 0.012976566213810657
989 0.012833927582305478
990 0.01293581393732893
991 0.013011073306870458
992 0.012905520644017088
993 0.01310700143964823
994 0.012847947150812616
995 0.013028936646078364
996 0.012946076578609791
997 0.012928738076398076
998 0.013024700191590455
999 0.013021928749758445
