3

3 3 0.003000557686578632
3 4 0.004818608381308098
3 5 0.009972810419412776
3 6 0.018471848155197715
3 7 0.0322186524072086
3 8 0.05138407840688164
3 9 0.0800864357559787
3 10 0.11998066032054325
3 11 0.1826139604393681
3 12 0.2751012388042624
3 13 0.3620064785283115
3 14 0.5401271162921886
3 15 0.7322593555982554
3 16 0.9224058606553814
3 17 1.1664181305152739
3 18 1.4903251384493743
3 19 1.8673347452331384
3 20 2.3286106807740907
3 20 2.3286106807740907



5

5 3 0.002448610333402712
5 4 0.005423152715123081
5 5 0.010040548382988845
5 6 0.018591163631738537
5 7 0.03149230056474579
5 8 0.051482098336340695
5 9 0.08019325331392935
5 10 0.120325051605829
5 11 0.177807094815401
5 12 0.25304928446584113
5 13 0.37078443506953673
5 14 0.5171160694159298
5 15 0.6956637886213045
5 16 0.8723145050238997
5 17 1.1453970090328611
5 18 1.528235969764853
5 19 1.9499243894804494
5 20 2.481358278322972
5 20 2.481358278322972



7

7 3 0.00255146329482443
7 4 0.005162584327916875
7 5 0.010235040161359166
7 6 0.01860267984070276
7 7 0.03193187992483502
7 8 0.051520158463034704
7 9 0.08110163677423259
7 10 0.1238769902746526
7 11 0.18190018203162878
7 12 0.2572512659334336
7 13 0.36584636017944094
7 14 0.501257079164688
7 15 0.6901787882003049
7 16 0.9145722332496746
7 17 1.165841376115233
7 18 1.5192921420563947
7 19 1.943923236349238
7 20 2.488789442543748
7 20 2.488789442543748



11

11 3 0.0025128367971973377
11 4 0.004721419129211313
11 5 0.010559193125317279
11 6 0.01810302740367149
11 7 0.031037542463664636
11 8 0.05096013088454754
11 9 0.08330055304234066
11 10 0.12596350079159607
11 11 0.1858034217111225
11 12 0.2652673025376089
11 13 0.3696233368989567
11 14 0.5184277844966175
11 15 0.697239470314804
11 16 0.9399931884455895
11 17 1.2176154575465261
11 18 1.585683426589452
11 19 2.029271560136692
11 19 2.029271560136692



13

13 3 0.00255769337509264
13 4 0.004996222305885567
13 5 0.010214990630333886
13 6 0.018645308692919117
13 7 0.03249288921294351
13 8 0.051127625648450706
13 9 0.07954230432168288
13 10 0.12033207460539189
13 11 0.17958100633541108
13 12 0.2578392722359979
13 13 0.3693550281089756
13 14 0.5223331763856549
13 15 0.7002134463255913
13 16 0.9220440629034272
13 17 1.2066346956567884
13 18 1.5622736923344689
13 19 2.0835295179314812
13 19 2.0835295179314812



17

17 3 0.0025095140877169795
17 4 0.004831030783759615
17 5 0.010467025695493248
17 6 0.018980184946542522
17 7 0.033061601145720945
17 8 0.05279993022310805
17 9 0.08155042910150882
17 10 0.12475441212396277
17 11 0.1844913668078675
17 12 0.2672210934659347
17 13 0.39622815837694814
17 14 0.5529327630859029
17 15 0.7038983688894518
17 16 0.9390406280524985
17 17 1.2390587141642868
17 18 1.6075001104423337
17 19 2.0338032827614256
17 19 2.0338032827614256



19

19 3 0.0024703967352877497
19 4 0.005301987093525895
19 5 0.010346048864221302
19 6 0.018516402668609544
19 7 0.031226408290763175
19 8 0.05088499234078085
19 9 0.08017467634732611
19 10 0.12245373787825428
19 11 0.1811854596723151
19 12 0.2590883844495693
19 13 0.365204020025368
19 14 0.5178753462886334
19 15 0.6884387834201278
19 16 0.9230785205334143
19 17 1.2183572524364308
19 18 1.6162242995029885
19 19 2.062210183273862
19 19 2.062210183273862



23

23 3 0.002535189570011198
23 4 0.005591176091905936
23 5 0.01045890771212612
23 6 0.018813105521320494
23 7 0.03243021082969335
23 8 0.052254326224368694
23 9 0.08194133831940462
23 10 0.12500040589917488
23 11 0.1861695616402244
23 12 0.27358393107492135
23 13 0.385202841973819
23 14 0.525931406438741
23 15 0.7172096716520855
23 16 0.9517011328551576
23 17 1.2867203762515373
23 18 1.6300335555898529
23 19 2.1015510634370003
23 19 2.1015510634370003



29

29 3 0.0029163572078800826
29 4 0.005170135940329601
29 5 0.010167906326773845
29 6 0.01894944988393945
29 7 0.03211530859100549
29 8 0.05229650197983347
29 9 0.08222346656013997
29 10 0.12484318132818543
29 11 0.18542814433094462
29 12 0.2768680140505239
29 13 0.40275335565339676
29 14 0.5207270994520854
29 15 0.7177701523273413
29 16 0.9525109677731166
29 17 1.262839194831986
29 18 1.6606250620648098
29 19 2.131621961750284
29 19 2.131621961750284



31

31 3 0.0026073452268633446
31 4 0.0053099540446851275
31 5 0.010330454784502762
31 6 0.01928776212118919
31 7 0.03249360661611718
31 8 0.0532137208267045
31 9 0.08292059366244757
31 10 0.12683401291552626
31 11 0.18865377782623227
31 12 0.28342315347028946
31 13 0.416720931295049
31 14 0.5681657246659142
31 15 0.7289009647562465
31 16 0.965570424260909
31 17 1.2606174726943322
31 18 1.625223744837058
31 19 2.1096648934221776
31 19 2.1096648934221776



37

37 3 0.002514913490620074
37 4 0.004917194681684123
37 5 0.010828294834595908
37 6 0.018622125242723088
37 7 0.031368491878799885
37 8 0.05287257673476233
37 9 0.08109752114547746
37 10 0.12492334169420474
37 11 0.18536897744749012
37 12 0.27838898431190273
37 13 0.3984635866911958
37 14 0.5300891354574446
37 15 0.7062246431013705
37 16 0.9641141335600765
37 17 1.291651994512972
37 18 1.6768410925521835
37 19 2.189974026229038
37 19 2.189974026229038



41

41 3 0.002580046147897974
41 4 0.005282013078647197
41 5 0.010934357231292324
41 6 0.019168257854346393
41 7 0.03241491881450429
41 8 0.053307927191872294
41 9 0.08406583344692535
41 10 0.12714933049292085
41 11 0.18956605036698876
41 12 0.2874917734621931
41 13 0.4167833453718572
41 14 0.5784204745357556
41 15 0.7466787064541108
41 16 0.9654625494772404
41 17 1.2544274537359796
41 18 1.6386168315624219
41 19 2.101656030849881
41 19 2.101656030849881



43

43 3 0.0025575801008812958
43 4 0.004888120973805599
43 5 0.010959692891026407
43 6 0.018749709734868246
43 7 0.03145563748634004
43 8 0.052686580520401094
43 9 0.08143322807643472
43 10 0.12561170892610107
43 11 0.1846715860387235
43 12 0.2765540935214631
43 13 0.4056827016346574
43 14 0.5258537758628563
43 15 0.7395059584109959
43 16 0.9776357864872353
43 17 1.2828597276661866
43 18 1.6792610822744565
43 19 2.1528163172221184
43 19 2.1528163172221184



47

47 3 0.0026450655309872674
47 4 0.005179990794556488
47 5 0.010557871593107393
47 6 0.01925865065524022
47 7 0.032297189176586014
47 8 0.05361716572128898
47 9 0.08448785530807754
47 10 0.12743349766901702
47 11 0.18903037673862855
47 12 0.284667017313177
47 13 0.41982917497500694
47 14 0.5733442428961212
47 15 0.7102837858196722
47 16 0.9576325846035502
47 17 1.2583486284950254
47 18 1.6467170308872483
47 19 2.1244603900936454
47 19 2.1244603900936454



53

53 3 0.0027193733974399947
53 4 0.004944682551024471
53 5 0.011095961737510152
53 6 0.018819977488658424
53 7 0.03125906901454982
53 8 0.053429055055403296
53 9 0.08258054455432103
53 10 0.13004771486316713
53 11 0.1879702436263301
53 12 0.2800617419833202
53 13 0.4177420603290784
53 14 0.5733239290586425
53 15 0.736766950821243
53 16 0.9820406797810506
53 17 1.2989900473523903
53 18 1.694453453937615
53 19 2.171751230251971
53 19 2.171751230251971



59

59 3 0.0026318879672999175
59 4 0.005178442714009179
59 5 0.011339954335414858
59 6 0.019619844278190614
59 7 0.033107439433229045
59 8 0.054830785356352864
59 9 0.08476416880723718
59 10 0.12853471155299304
59 11 0.1884431633553504
59 12 0.2812466277331396
59 13 0.4045344789633418
59 14 0.5281928122997442
59 15 0.7197747278493807
59 16 0.9688237344158097
59 17 1.280049621645412
59 18 1.6757422574261682
59 19 2.2142248968355034
59 19 2.2142248968355034



61

61 3 0.002861910082197028
61 4 0.005098546654471648
61 5 0.01091763040974456
61 6 0.01933967945672066
61 7 0.03328561972869011
61 8 0.054017854277208247
61 9 0.08347205016079898
61 10 0.12856529558334842
61 11 0.18972010326071995
61 12 0.29011777117177645
61 13 0.421114534928347
61 14 0.5391660603350601
61 15 0.7419979149997971
61 16 0.9929358819017807
61 17 1.304492945094853
61 18 1.683190601565275
61 19 2.1675325219630395
61 19 2.1675325219630395



67

67 3 0.0025592036975240263
67 4 0.004923953374827761
67 5 0.010610204267322842
67 6 0.019245397575400603
67 7 0.031888646943639284
67 8 0.05292426752191659
67 9 0.0822915821043125
67 10 0.12563058795724374
67 11 0.18916098187576152
67 12 0.28108536304941933
67 13 0.4084128738378922
67 14 0.5293948024517249
67 15 0.7245709456997702
67 16 0.9709633327681786
67 17 1.2831803313722958
67 18 1.7279655465234556
67 19 2.192089232873286
67 19 2.192089232873286



71

71 3 0.002528468634955061
71 4 0.004996109031685592
71 5 0.010597932897121609
71 6 0.018629978919648238
71 7 0.032427605523434974
71 8 0.05437115646525399
71 9 0.08295816293430107
71 10 0.12907627543900163
71 11 0.19163862815901211
71 12 0.28418439376225707
71 13 0.425608084152168
71 14 0.5835923851050439
71 15 0.7660017723634838
71 16 1.0012488479070953
71 17 1.30541786658639
71 18 1.6767110160278889
71 19 2.1501690994814453
71 19 2.1501690994814453



73

73 3 0.0025355671506304134
73 4 0.005666088087332355
73 5 0.010266266078792797
73 6 0.018694658480217185
73 7 0.031967750083913414
73 8 0.052748654774700296
73 9 0.08193427756179972
73 10 0.12649879683938253
73 11 0.18839815574522162
73 12 0.27872457796863725
73 13 0.40331863160254217
73 14 0.5598802465299286
73 15 0.7285108106995267
73 16 0.9788938096034598
73 17 1.3150175895932534
73 18 1.7190302898950676
73 19 2.217294627291949
73 19 2.217294627291949



79

79 3 0.0025558809881431445
79 4 0.0050424004159367545
79 5 0.011118843123153966
79 6 0.01933794258582111
79 7 0.03259770559357093
79 8 0.05441034933378432
79 9 0.08475688150126644
79 10 0.1293388072454036
79 11 0.18953678786876935
79 12 0.277274970444887
79 13 0.39070479576471373
79 14 0.5433745739474943
79 15 0.7451100100020767
79 16 0.9835491521238282
79 17 1.2834722767091988
79 18 1.6817460913798186
79 19 2.162195419871523
79 19 2.162195419871523



83

83 3 0.0025701912936483494
83 4 0.00498119459712143
83 5 0.010967320019608451
83 6 0.01895775665755082
83 7 0.03176151554825992
83 8 0.052664341021795735
83 9 0.08247134823841407
83 10 0.12698814132545522
83 11 0.18821782324014294
83 12 0.2845338823858583
83 13 0.38381387389788413
83 14 0.5308391238468175
83 15 0.7363826870222511
83 16 1.015834711817206
83 17 1.3183236855191125
83 18 1.719541496299098
83 19 2.2256591708103315
83 19 2.2256591708103315



89

89 3 0.002756678362857201
89 4 0.005147254554685787
89 5 0.010724799986110155
89 6 0.019482216141477694
89 7 0.03305657932339727
89 8 0.055073116599533026
89 9 0.08570687434610136
89 10 0.13137196562049666
89 11 0.1946813993590922
89 12 0.29429773968913653
89 13 0.42035329463633386
89 14 0.575493960409176
89 15 0.7324117848953847
89 16 0.9964897462318276
89 17 1.2946522123770137
89 18 1.683219977337626
89 19 2.174094873172635
89 19 2.174094873172635



97

97 3 0.002514762458417863
97 4 0.004923915616791419
97 5 0.010686702101361334
97 6 0.018839234100414614
97 7 0.031273001739464235
97 8 0.05270606368055723
97 9 0.08259508140827165
97 10 0.1274018186548119
97 11 0.1926889441750518
97 12 0.2948220103826998
97 13 0.41320584449495074
97 14 0.5624123021808145
97 15 0.7445706360836539
97 16 0.9949026993616144
97 17 1.3208768479267974
97 18 1.7521766578903908
97 19 2.2418970254577744
97 19 2.2418970254577744



101

101 3 0.0024924474435920273
101 4 0.005296474416445563
101 5 0.010211894469262007
101 6 0.019165765822231152
101 7 0.03421533649407138
101 8 0.056124980696222335
101 9 0.08379601433450716
101 10 0.13019342322515967
101 11 0.19657930835542176
101 12 0.2891531659568273
101 13 0.4105024805159019
101 14 0.563588012721425
101 15 0.7414841788056037
101 16 0.9941732513580519
101 17 1.3165619698531827
101 18 1.7298407629242774
101 19 2.2324295689427345
101 19 2.2324295689427345



103

103 3 0.0026011529046854774
103 4 0.005605184333012403
103 5 0.010630442588649203
103 6 0.020022987108222878
103 7 0.03318201160609533
103 8 0.05399708734305477
103 9 0.0849782947779886
103 10 0.12929749992538292
103 11 0.1922140232688662
103 12 0.29519438039212675
103 13 0.41945529464312586
103 14 0.5766445240803932
103 15 0.7634014878942026
103 16 1.014047320669056
103 17 1.3297105353677807
103 18 1.6952725018227965
103 19 2.161645662485853
103 19 2.161645662485853



107

107 3 0.0029126569177833515
107 4 0.005023596900969096
107 5 0.010111571297943555
107 6 0.01868842839999161
107 7 0.03190831889405672
107 8 0.053195785747152516
107 9 0.0821997922551418
107 10 0.12714023079997788
107 11 0.18747017585064896
107 12 0.28131678221263884
107 13 0.39989446621623304
107 14 0.5616885178865914
107 15 0.7387546862475347
107 16 0.9807354213289727
107 17 1.3169872766657817
107 18 1.729041009408911
107 19 2.24623769228765
107 19 2.24623769228765



109

109 3 0.002737119686617007
109 4 0.005102624525102328
109 5 0.010562704625135666
109 6 0.019421236871085056
109 7 0.032761877648067636
109 8 0.05457705117844398
109 9 0.08436336697704974
109 10 0.1291223025168847
109 11 0.19389478564935417
109 12 0.2927882856366978
109 13 0.42346554067098624
109 14 0.5734139442789001
109 15 0.7620289445753088
109 16 1.0050407013031417
109 17 1.2916483319809686
109 18 1.6892070844696945
109 19 2.189029697093474
109 19 2.189029697093474



113

113 3 0.0025748732933834617
113 4 0.0053915869751108405
113 5 0.010333324397265642
113 6 0.018964439834576297
113 7 0.03210084725317301
113 8 0.051995721256389515
113 9 0.08286610877867133
113 10 0.1274580781674331
113 11 0.1878078084427443
113 12 0.2747443873584189
113 13 0.4018930759643126
113 14 0.562003080302793
113 15 0.7365810678810476
113 16 1.0089573073366638
113 17 1.3257815824479167
113 18 1.7408570551505818
113 19 2.2377783760332477
113 19 2.2377783760332477



127

127 3 0.002897931273537324
127 4 0.005204118196343188
127 5 0.01038180574917078
127 6 0.018956359609296668
127 7 0.03242632174924438
127 8 0.05379304277496431
127 9 0.08512355004322672
127 10 0.1292606480567656
127 11 0.18966822368333852
127 12 0.29379948430043895
127 13 0.4245155168644942
127 14 0.5963435847730579
127 15 0.7593346802892711
127 16 0.9939928810949595
127 17 1.3020103525054765
127 18 1.6977506767188288
127 19 2.1949335476983833
127 19 2.1949335476983833



131

131 3 0.0024985264916267623
131 4 0.004897107392662292
131 5 0.01083010722159088
131 6 0.018746198235157864
131 7 0.031642539894210134
131 8 0.053787492339893106
131 9 0.08204015116812116
131 10 0.12665141492677776
131 11 0.19029848125742319
131 12 0.28566696407433484
131 13 0.42601526709484006
131 14 0.5511599843077419
131 15 0.7523985997800537
131 16 1.006240086148773
131 17 1.339931680562313
131 18 1.7478560405913868
131 19 2.2394695596390193
131 19 2.2394695596390193



137

137 3 0.002576270341705822
137 4 0.005033338480961902
137 5 0.01067378884390564
137 6 0.019414704726295896
137 7 0.0324516574090012
137 8 0.05426082740750644
137 9 0.08566549150996253
137 10 0.12609040563866075
137 11 0.18848046832067666
137 12 0.28312486477902893
137 13 0.3951939650533859
137 14 0.5456465898239913
137 15 0.7412579702550375
137 16 0.9803544424813481
137 17 1.301600073401687
137 18 1.7156773362140938
137 19 2.26612977219429
137 19 2.26612977219429



139

139 3 0.0025454220047777198
139 4 0.005023747933182676
139 5 0.010977816760851055
139 6 0.019295313733709917
139 7 0.03208581954445435
139 8 0.05433883556397632
139 9 0.08367288529366305
139 10 0.12875242453965258
139 11 0.1923769493072541
139 12 0.2925060818799466
139 13 0.4300059166883784
139 14 0.5826452241148672
139 15 0.762550043591682
139 16 1.0149093749869735
139 17 1.3325919286099634
139 18 1.713007690184486
139 19 2.197735573493901
139 19 2.197735573493901



149

149 3 0.002589636695529407
149 4 0.004901260779479344
149 5 0.01064641424900401
149 6 0.018642023741494994
149 7 0.031556527028578786
149 8 0.05279033967531177
149 9 0.08238476900182831
149 10 0.1262680573212947
149 11 0.18885574570094832
149 12 0.2825930424729449
149 13 0.39414330921472357
149 14 0.5389375107845809
149 15 0.7353415462152952
149 16 0.9877504161882825
149 17 1.326244005435592
149 18 1.7489708851358956
149 19 2.240473168932567
149 19 2.240473168932567



151

151 3 0.0025754774223514685
151 4 0.004980099613430866
151 5 0.01114206433144318
151 6 0.019243283123932996
151 7 0.03228888240291781
151 8 0.05374531658439992
151 9 0.0838749664424995
151 10 0.12930497602174001
151 11 0.1935348002844421
151 12 0.29144889389635864
151 13 0.41732086914530553
151 14 0.549797220326991
151 15 0.7498403400340976
151 16 1.009049814589116
151 17 1.316716324811523
151 18 1.7122909288898427
151 19 2.187062502052868
151 19 2.187062502052868



157

157 3 0.002508343587760464
157 4 0.005122598540083345
157 5 0.010537557755742454
157 6 0.018944579093886204
157 7 0.03246207863426207
157 8 0.05291807519975009
157 9 0.08314049661667014
157 10 0.12716624610488908
157 11 0.1930885377474169
157 12 0.28504210590299406
157 13 0.41370893291559696
157 14 0.5382229394575916
157 15 0.7338173665187242
157 16 1.0105400875459054
157 17 1.3366092353954628
157 18 1.7486557185906804
157 19 2.2449067205952815
157 19 2.2449067205952815



163

163 3 0.0025600721330192753
163 4 0.005071360849615303
163 5 0.010703995293897605
163 6 0.018998384332508066
163 7 0.03205470690118091
163 8 0.053415348878706935
163 9 0.084729431390042
163 10 0.12840727809302735
163 11 0.1931691889681133
163 12 0.2948888421527499
163 13 0.43183344465669504
163 14 0.587685812143809
163 15 0.7483356057393393
163 16 0.995073139254373
163 17 1.313765343460591
163 18 1.7150957110239233
163 19 2.2176484203346263
163 19 2.2176484203346263



167

167 3 0.002477193186496152
167 4 0.005320186479502808
167 5 0.010223146371754411
167 6 0.01859052174468161
167 7 0.032207513778848805
167 8 0.05155021388063687
167 9 0.08301967081774819
167 10 0.12616909344023952
167 11 0.1892325334036741
167 12 0.27667254056250384
167 13 0.42193044889427256
167 14 0.5560149159448429
167 15 0.7527583585965203
167 16 1.0136097802443147
167 17 1.337473102100421
167 18 1.7482663952114308
167 19 2.259327279708941
167 19 2.259327279708941



173

173 3 0.002608666759169864
173 4 0.005051839931547874
173 5 0.01065207795832066
173 6 0.01923150260854527
173 7 0.03197718959945632
173 8 0.05459630779014333
173 9 0.08475454050139888
173 10 0.1298035334749784
173 11 0.19307362331264813
173 12 0.2889160830842229
173 13 0.41869975581857943
173 14 0.5489455117181024
173 15 0.7357335126588623
173 16 1.014252686769305
173 17 1.3215211892581464
173 18 1.737339740624884
173 19 2.275991422878178
173 19 2.275991422878178



179

179 3 0.0025483671337497072
179 4 0.004942605857559101
179 5 0.011269006936572623
179 6 0.019623431294166948
179 7 0.03294428684644117
179 8 0.053933502766267336
179 9 0.08473600129286751
179 10 0.1301730716296788
179 11 0.1950785386573443
179 12 0.2947410948553625
179 13 0.4327907248075917
179 14 0.5781595285679486
179 15 0.7489340332671418
179 16 1.0297762721540948
179 17 1.353979227779746
179 18 1.8009895632940698
179 19 2.358228482341019
179 19 2.358228482341019



181

181 3 0.002588277405448025
181 4 0.005800884369273262
181 5 0.010843171511078253
181 6 0.019315967393640675
181 7 0.032649547412984245
181 8 0.05398866729524343
181 9 0.08464353179856517
181 10 0.12977997244420295
181 11 0.19381481407367573
181 12 0.29019989495709525
181 13 0.4315711771566839
181 14 0.5847437039374654
181 15 0.7521334626673706
181 16 1.0114072769603353
181 17 1.344849554889106
181 18 1.7552178810100032
181 19 2.2864417217524533
181 19 2.2864417217524533



191

191 3 0.0029720503496719177
191 4 0.0050046423537878585
191 5 0.010391736119527196
191 6 0.019416026258431883
191 7 0.03288749872099288
191 8 0.05406984712890335
191 9 0.08636163690252943
191 10 0.13355098338988683
191 11 0.2014776617640109
191 12 0.30190119394765136
191 13 0.4365623398821299
191 14 0.5708932915628339
191 15 0.7493192410176561
191 16 1.0077511637979115
191 17 1.3170407043237902
191 18 1.7077946610856543
191 19 2.2222303611824827
191 19 2.2222303611824827



193

193 3 0.002551803117376039
193 4 0.005337781736534453
193 5 0.010335212300287822
193 6 0.019314985683968187
193 7 0.032075775899875224
193 8 0.05257813936586899
193 9 0.08270012433731608
193 10 0.12798170697410569
193 11 0.19078299271150173
193 12 0.28632380332437607
193 13 0.4106454325392406
193 14 0.5527614169996014
193 15 0.7613096534904799
193 16 1.0682042378894039
193 17 1.3415567875592387
193 18 1.7524784580815322
193 19 2.258086927365639
193 19 2.258086927365639



197

197 3 0.0026008508401901055
197 4 0.005440974520433883
197 5 0.010691119794591942
197 6 0.01928368425046756
197 7 0.03215348199187247
197 8 0.0534319246681207
197 9 0.0841054416541283
197 10 0.13039754330939105
197 11 0.19682231924366533
197 12 0.2989186846149551
197 13 0.42066140042375083
197 14 0.6001141048638601
197 15 0.7449838980742698
197 16 0.9895693353184015
197 17 1.3249654041755548
197 18 1.7988589429698247
197 18 1.7988589429698247
197 19 2.3073264611139166
197 19 2.3073264611139166



199

199 3 0.0028686310172815867
199 4 0.005617266912759078
199 5 0.012757240957989779
199 6 0.020886249684235737
199 7 0.03290985149378685
199 8 0.0545079161664944
199 9 0.08568017939596757
199 10 0.13789395346166203
199 11 0.20536066312215553
199 12 0.2961008381912052
199 13 0.4337939942781304
199 14 0.5898285444153771
199 15 0.7680742746393208
199 16 1.0350182239286823
199 17 1.4278228588063029
199 18 1.7661895432067922
199 19 2.324050639602774
199 19 2.324050639602774



211

211 3 0.002890908274002868
211 4 0.005067773833798128
211 5 0.0104418788260773
211 6 0.019366147858318073
211 7 0.033106382207415665
211 8 0.05389245975270569
211 9 0.08551502563191207
211 10 0.13604954763954993
