2 2

2 2 3 0.0030058438154810575
2 2 4 0.004748302869484178
2 2 5 0.005638411427844403
2 2 6 0.00742961614023443
2 2 7 0.010100885766496504
2 2 8 0.01204799351762631
2 2 9 0.015320144945962965
2 2 10 0.018393764482607367
2 2 11 0.021983914310294495
2 2 12 0.026808186401103738
2 2 13 0.030189156564119912
2 2 14 0.034514871201554345
2 2 15 0.039394911949966624
2 2 16 0.044855860485313315
2 2 17 0.0503355370198733
2 2 18 0.0560666444900562
2 2 19 0.061755009834087105
2 2 20 0.06822693048479778
2 2 21 0.07526718548788267
2 2 22 0.08315563759970246
2 2 23 0.09022017103670806
2 2 24 0.09789007948447762
2 2 25 0.10526241664429108
2 2 26 0.11396127004527443
2 2 27 0.1234435277204284
2 2 28 0.13423398897684818
2 2 29 0.14724639891928745
2 2 30 0.15821976022880335
2 2 31 0.16942510707222028
2 2 32 0.17852196820704194
2 2 33 0.18695961133371383
2 2 34 0.19837504403531056
2 2 35 0.21116422831400997
2 2 36 0.22226577824467314
2 2 37 0.23590931419676053
2 2 38 0.2507276544954948
2 2 39 0.26462870043178555
2 2 40 0.2780425540911892
2 2 41 0.29316107098475186
2 2 42 0.30493932090621456
2 2 43 0.3194689630616267
2 2 44 0.3363710952972724
2 2 45 0.352060212026754
2 2 46 0.3674773951921452
2 2 47 0.3850083879535305
2 2 48 0.4003819605572062
2 2 49 0.41863020546797997
2 2 50 0.4431751736210572
2 2 51 0.4505638600218845
2 2 52 0.46678963208914864
2 2 53 0.4850089543244394
2 2 54 0.5044423870495848
2 2 55 0.5215913437376912
2 2 56 0.535730945110845
2 2 57 0.5564157555331803
2 2 58 0.5770042828969963
2 2 59 0.5963004273079605
2 2 60 0.6168238597723757
2 2 61 0.6469493940017855
2 2 62 0.6822917331363897
2 2 63 0.6970392015527977
2 2 64 0.7168869157366317
2 2 65 0.7426814869576447
2 2 66 0.7637117081334509
2 2 67 0.7875456919751741
2 2 68 0.8130445042950669
2 2 69 0.8460789196360565
2 2 70 0.8457873518797896
2 2 71 0.8765044794276037
2 2 72 0.8987385031420672
2 2 73 0.9271109305435857
2 2 74 0.95281035144817
2 2 75 0.9841749920046823
2 2 76 1.0307352136595909
2 2 77 1.0559928274785306
2 2 78 1.0799104831861768
2 2 79 1.1144145555821523
2 2 80 1.1397769480234274
2 2 81 1.1795426063864398
2 2 82 1.1773839024543122
2 2 83 1.2091618427593858
2 2 84 1.2379684501182964
2 2 85 1.270120044207124
2 2 86 1.3171610015100668
2 2 87 1.3630856039457284
2 2 88 1.3917310976532462
2 2 89 1.4247546009141843
2 2 90 1.4625488730917824
2 2 91 1.469084302803094
2 2 92 1.5013719769479394
2 2 93 1.5366655326661203
2 2 94 1.5770084362837224
2 2 95 1.6446635586747107
2 2 96 1.6727417374979268
2 2 97 16.42515140038977
2 2 97 16.42515140038977



2 3

2 3 3 0.00879823262057471
2 3 4 0.008090835325401714
2 3 5 0.009801955187776911
2 3 6 0.01167396215359986
2 3 7 0.014185401902341254
2 3 8 0.01694978290997824
2 3 9 0.01937173605147109
2 3 10 0.023383303611444715
2 3 11 0.026496493597551306
2 3 12 0.03092056798714111
2 3 13 0.03462569111406992
2 3 14 0.03916662670608275
2 3 15 0.04409658361291804
2 3 16 0.06098047870455048
2 3 17 0.06071957049443881
2 3 18 0.07241943467870442
2 3 19 0.07778319396174993
2 3 20 0.08883267552482721
2 3 21 0.09295517627178924
2 3 22 0.10193627118733276
2 3 23 0.11927866242822346
2 3 24 0.10589033321875832
2 3 25 0.11465295998668808
2 3 26 0.12323215808855821
2 3 27 0.13356906950166375
2 3 28 0.14280793870811975
2 3 29 0.15672182238513416
2 3 30 0.16448782510151433
2 3 31 0.18073066381311947
2 3 32 0.17816073682588468
2 3 33 0.20300221904135468
2 3 34 0.2024665831708262
2 3 35 0.21222084992650708
2 3 36 0.22325783357082402
2 3 37 0.23592800443730083
2 3 38 0.2524234445849288
2 3 39 0.2631801878915212
2 3 40 0.2769357520138328
2 3 41 0.2936534738737464
2 3 42 0.3035184472677429
2 3 43 0.3312051882596279
2 3 44 0.3652887113588804
2 3 45 0.3736589185864432
2 3 46 0.38103416311732874
2 3 47 0.4059101184430801
2 3 48 0.42601319040131785
2 3 49 0.44876019514858856
2 3 50 0.4471193807979944
2 3 51 0.4678234100742884
2 3 52 0.490966610167925
2 3 53 0.4913945600450461
2 3 54 0.5430387537423484
2 3 55 0.526887742638064
2 3 56 0.5406302802290156
2 3 57 0.5642452673101616
2 3 58 0.5812138159772076
2 3 59 0.6029091076599797
2 3 60 0.624295651668217
2 3 61 0.6505045043480095
2 3 62 0.6688364211247062
2 3 63 0.6901579457499792
2 3 64 0.7117332045532748
2 3 65 0.734671114062985
2 3 66 0.7625378477374397
2 3 67 0.7864614692191936
2 3 68 0.8079935327992643
2 3 69 0.8306463311810148
2 3 70 0.8596035932084305
2 3 71 0.8845128511456096
2 3 72 0.9076410612884501
2 3 73 0.9379290307014344
2 3 74 0.9630088795634947
2 3 75 0.9929931986402153
2 3 76 1.0201600111158768
2 3 77 1.04458166143786
2 3 78 1.0700372785347099
2 3 79 1.0982783078799911
2 3 80 1.1337055648965362
2 3 81 1.1684526104227189
2 3 82 1.1865428000851352
2 3 83 1.228439787784555
2 3 84 1.2551868816410205
2 3 85 1.2925860912136158
2 3 86 1.310184595390092
2 3 87 1.3480097536627
2 3 88 1.377557891604829
2 3 89 1.4145707606852738
2 3 90 1.4445032001845903
2 3 91 1.4803870276891757
2 3 92 1.5106713345700882
2 3 93 1.5557822885236419
2 3 94 1.5832138605315778
2 3 95 1.620328638621777
2 3 96 1.6585870328997772
2 3 97 1.6997195331142394
2 3 98 1.7332453318764238
2 3 99 1.769588033110813
2 3 100 1.799903075054408



2 4

2 4 3 0.023559520487833652
2 4 4 0.02351394650650036
2 4 5 0.02481301263660498
2 4 6 0.027952671024195297
2 4 7 0.029987868334592348
2 4 8 0.03248662137457359
2 4 9 0.035483252222729786
2 4 10 0.03781941904680934
2 4 11 0.0444467518815145
2 4 12 0.04602620938130712
2 4 13 0.05072618193107701
2 4 14 0.05468367994590153
2 4 15 0.059551524840389905
2 4 16 0.0649408085738287
2 4 17 0.07094271686619322
2 4 18 0.07551336805327083
2 4 19 0.08356693617115525
2 4 20 0.08925975696620299
2 4 21 0.09774890208973375
2 4 22 0.10392868861326861
2 4 23 0.11111895639742216
2 4 24 0.11864942432148382
2 4 25 0.12736345646344488
2 4 26 0.1352834743155654
2 4 27 0.14517114030468292
2 4 28 0.15479687861634375
2 4 29 0.1628426308156122
2 4 30 0.1739716308574316
2 4 31 0.18535613970634585
2 4 32 0.19320853286899364
2 4 33 0.20627742887227213
2 4 34 0.21813923738536686
2 4 35 0.23056964455690832
2 4 36 0.2386727890106158
2 4 37 0.2547297447819801
2 4 38 0.26584315074424014
2 4 39 0.28033050387011826
2 4 40 0.2930109449293923
2 4 41 0.31047397317897774
2 4 42 0.32119409116530734
2 4 43 0.3382262999250997
2 4 44 0.35175731685149003
2 4 45 0.3733920068446423
2 4 46 0.37993347784613435
2 4 47 0.4015125124552469
2 4 48 0.4164899274705931
2 4 49 0.4322649437914151
2 4 50 0.44983833885680724
2 4 51 0.4711086257916577
2 4 52 0.4869323877708666
2 4 53 0.5064522109423706
2 4 54 0.5231341004009664
2 4 55 0.5436511517529652
2 4 56 0.5616799090483255
2 4 57 0.5849677225206505
2 4 58 0.6027897166674847
2 4 59 0.6232107870253458
2 4 60 0.6448735690165449
2 4 61 0.6683471899130382
2 4 62 0.6915759875339973
2 4 63 0.7115142833085883
2 4 64 0.7342448632989544
2 4 65 0.7584061717820987
2 4 66 0.7804671880553542
2 4 67 0.8070592473080979
2 4 68 0.8289304915609137
2 4 69 0.8546165461115379
2 4 70 0.8798191841916377
2 4 71 0.9070001936988774
2 4 72 0.9311362042802103
2 4 73 0.966921747548804
2 4 74 0.987727194980016
2 4 75 1.0104719720015964
2 4 76 1.0416540145693034
2 4 77 1.068185811955209
2 4 78 1.0988325962331147
2 4 79 1.1296041709066231
2 4 80 1.1540579910974884
2 4 81 1.1904318427332328
2 4 82 1.2212222964376451
2 4 83 1.2471157937821773
2 4 84 1.2851489234611109
2 4 85 1.3143382842962636
2 4 86 1.3423981127010847
2 4 87 1.372623139424468
2 4 88 1.4060512203215694
2 4 89 1.4375251327100158
2 4 90 1.4680029496598763
2 4 91 1.5089292153382303
2 4 92 1.5509444235308365
2 4 93 1.6066292207377046
2 4 94 1.6381711731542965
2 4 95 1.6727372820462734
2 4 96 1.706037589661264
2 4 97 1.724246906010194
2 4 98 1.7522578754822462
2 4 99 1.7989197040826184
2 4 100 1.8689353472477706



2 5

2 5 3 0.09785828719623169
2 5 4 0.0964846111353836
2 5 5 0.09757710290714386
2 5 6 0.09975929235370132
2 5 7 0.10260130393708096
2 5 8 0.10466765164837852
2 5 9 0.10701975237498118
2 5 10 0.11141679199199643
2 5 11 0.11468267558148
2 5 12 0.11857847692290306
2 5 13 0.12421839867320159
2 5 14 0.12856159529337674
2 5 15 0.1321714548296768
2 5 16 0.13839515397939978
2 5 17 0.1450187487659605
2 5 18 0.1505421491360721
2 5 19 0.15648134128696256
2 5 20 0.16430349024212773
2 5 21 0.1717578756711191
2 5 22 0.1787925802385871
2 5 23 0.18656341598698417
2 5 24 0.1945368614970903
2 5 25 0.20302679953974803
2 5 26 0.2135708139241615
2 5 27 0.22220713997421626
2 5 28 0.23491019811290242
2 5 29 0.24265909642699626
2 5 30 0.2575175735460107
2 5 31 0.2598723173368853
2 5 32 0.2693077927732702
2 5 33 0.2809219461563771
2 5 34 0.29099017119879134
2 5 35 0.30386140374648674
2 5 36 0.3156108820247027
2 5 37 0.32794409994421586
2 5 38 0.3426240569452602
2 5 39 0.3552746691356333
2 5 40 0.369984039666906
2 5 41 0.3889078140687161
2 5 42 0.3987574199310984
2 5 43 0.41519947017923187
2 5 44 0.42767076933178033
2 5 45 0.44413143430410856
2 5 46 0.4632305949045076
2 5 47 0.49530531357886504
2 5 48 0.5034726844963189
2 5 49 0.5217436220025775
2 5 50 0.5383313428538713
2 5 51 0.5564536646275883
2 5 52 0.5737879378851176
2 5 53 0.594649418280369
2 5 54 0.6138609846321742
2 5 55 0.63257403128855
2 5 56 0.6583361305763902
2 5 57 0.6780976053460108
2 5 58 0.6813615255164223
2 5 59 0.7060195035495781
2 5 60 0.7256533938268148
2 5 61 0.7500080991043433
2 5 62 0.770456695089797
2 5 63 0.7916108004672424
2 5 64 0.813203125914697
2 5 65 0.859865936224287
2 5 66 0.8830004142063445
2 5 67 0.902764494281746
2 5 68 0.9309570422751676
2 5 69 0.9547898933748911
2 5 70 0.9788959240549957
2 5 71 1.0171765955897172
2 5 72 1.0142362620123095
2 5 73 1.0488574976749987
2 5 74 1.0663399713265789
2 5 75 1.0998716225883982
2 5 76 1.12392732177168
2 5 77 1.178853219686698
2 5 78 1.2008539363345334
2 5 79 1.2298841469376385
2 5 80 1.2617327703353112
2 5 81 1.2915518223741855
2 5 82 1.3149515129844076
2 5 83 1.3269608800044808
2 5 84 1.3631739200534867
2 5 85 1.3938174948961204
2 5 86 1.445562766925832
2 5 87 1.4822104777868845
2 5 88 1.5163076315463513
2 5 89 1.5505161338311155
2 5 90 1.5833807511665328
2 5 91 1.5978753915981543
2 5 92 1.628355209725396
2 5 93 1.6645777648057447
2 5 94 1.732929787750527
2 5 95 1.7648561549984152
2 5 96 1.80176492510127
2 5 97 1.8606267234194092
2 5 98 1.914929197969559
2 5 99 1.947714685194504
2 5 99 1.947714685194504
2 5 100 2.1863609572574205
2 5 100 2.1863609572574205



2 6

2 6 3 0.41299296454026263
2 6 4 0.4090438865732722
2 6 5 0.41037750133009465
2 6 6 0.41392513557948407
2 6 7 0.4336957100422296
2 6 8 0.4308675556674643
2 6 9 0.429140162080239
2 6 10 0.4323586215438809
2 6 11 0.43696004555113177
2 6 12 0.44110901469957753
2 6 13 0.44563824529222984
2 6 14 0.45117942970973673
2 6 15 0.45504294790780475
2 6 16 0.4608784941784506
2 6 17 0.4674491144033709
2 6 18 0.47238964356756696
2 6 19 0.4846376792990668
2 6 20 0.4900821275610724
2 6 21 0.48793947080548605
2 6 22 0.49311289169754674
2 6 23 0.49941652466495723
2 6 24 0.5098746772157938
2 6 25 0.5217106592142045
2 6 26 0.5291505833053634
2 6 27 0.5384575680560374
2 6 28 0.5481580673310418
2 6 29 0.5588647812051022
2 6 30 0.5697429166818437
2 6 31 0.591389802529011
2 6 32 0.6091832138225073
2 6 33 0.6161694747970614
2 6 34 0.628966701542413
2 6 35 0.6391864874471139
2 6 36 0.653985910956726
2 6 37 0.6670890535222498
2 6 38 0.6815159559910171
2 6 39 0.6946534583928952
2 6 40 0.7149663896610946
2 6 41 0.7182007075107322
2 6 42 0.7293671257923051
2 6 43 0.7447210642032587
2 6 44 0.7585601869175662
2 6 45 0.7744153258465303
2 6 46 0.7900178633390169
2 6 47 0.8109764574712244
2 6 48 0.8355669996049983
2 6 49 0.8660026785570153
2 6 50 0.874759754889783
2 6 51 0.8995742023329513
2 6 52 0.9131655944005616
2 6 53 0.9335957644516384
2 6 54 0.9493672315145887
2 6 55 0.9747207508113206
2 6 56 0.9781416312460351
2 6 57 0.9993435005724678
2 6 58 1.0194182917424768
2 6 59 1.0402652352835502
2 6 60 1.068392650619535
2 6 61 1.1153051172368578
2 6 62 1.1295568222962173
2 6 63 1.1519630605329438
2 6 64 1.1758109393413179
2 6 65 1.2053051210126795
2 6 66 1.2227960524704031
2 6 67 1.2318307638344776
2 6 68 1.253930935217977
2 6 69 1.2805575430980753
2 6 70 1.3054184329574128
2 6 71 1.3690631205305182
2 6 72 1.384823826545653
2 6 73 1.4099884422570539
2 6 74 1.4387351653291263
2 6 75 1.4684351661977417
2 6 76 1.4750580058231209
2 6 77 1.5010962675774864
2 6 78 1.5303265203945557
2 6 79 1.5889962056922742
2 6 80 1.6154899807093899
2 6 81 1.6565357506546206
2 6 82 1.7042197277572995
2 6 83 1.6993139360096392
2 6 84 1.725457240693686
2 6 85 1.7634584648101737
2 6 86 1.8253248986857216
2 6 87 1.8586920380708762
2 6 88 1.8872560121217248
2 6 89 1.9279805364738423
2 6 90 1.9325031216476418
2 6 91 2.0035549215554056
2 6 91 2.0035549215554056



2 7

2 7 3 1.8421468705555526
2 7 4 1.8679346453251129
2 7 5 1.8697300789404836
2 7 6 1.8783551908465597
2 7 7 1.8750549096617761
2 7 8 1.8523211579946293
2 7 9 1.8518048164938592
2 7 10 1.8683787934111025
2 7 11 1.9006256133327042
2 7 12 1.8949343028598378
2 7 13 1.904245780819292
2 7 14 1.8836305962640836
2 7 15 1.8771004149233703
2 7 16 1.8908199578547282
2 7 17 1.9286639196418036
2 7 18 1.9340268482472311
2 7 19 1.9523578588308736
2 7 20 1.9889249939869842
2 7 20 1.9889249939869842
2 7 21 2.0109109472341515
2 7 21 2.0109109472341515



2 8

2 8 3 8.483983596386679
2 8 3 8.483983596386679



2 9

2 9 3 38.28121449562059
2 9 3 38.28121449562059



2 10

2 10 3 166.0188205061022
2 10 3 166.0188205061022



3 2

3 2 3 0.023392516578314825
3 2 4 0.00818164346528647
3 2 5 0.010012758449374815
3 2 6 0.011598181723275047
3 2 7 0.013786601249921659
3 2 8 0.016481960519558924
3 2 9 0.01980757736328087
3 2 10 0.02273186376405647
3 2 11 0.02669574289175216
3 2 12 0.03112027037786902
3 2 13 0.034795073781060636
3 2 14 0.03894566652634239
3 2 15 0.044167606528026225
3 2 16 0.04904787382438371
3 2 17 0.0554466571085868
3 2 18 0.06073422062236204
3 2 19 0.06699643299580202
3 2 20 0.0735676951082496
3 2 21 0.08058378495134093
3 2 22 0.087623926679953
3 2 23 0.09524384345349972
3 2 24 0.10385222853728919
3 2 25 0.1113094835791344
3 2 26 0.12046082959750493
3 2 27 0.1301896096611017
3 2 28 0.13847025476497948
3 2 29 0.14910224543418735
3 2 30 0.1607122454306591
3 2 31 0.17592519523732336
3 2 32 0.18198064446205536
3 2 33 0.19382093087915564
3 2 34 0.19904751512258373
3 2 35 0.21033543884859682
3 2 36 0.22242153025090375
3 2 37 0.23610048326536343
3 2 38 0.24844491532949178
3 2 39 0.2621497326161261
3 2 40 0.27312955055440397
3 2 41 0.29082958616018006
3 2 42 0.30245163097897604
3 2 43 0.31837462114508525
3 2 44 0.33215401060460864
3 2 45 0.34779974332104757
3 2 46 0.36299373858055334
3 2 47 0.3826263073253358
3 2 48 0.40403297638113145
3 2 49 0.4236636194653329
3 2 50 0.4432682472443048
3 2 51 0.4601909953818904
3 2 52 0.49304636199194646
3 2 53 0.4957316398587864
3 2 54 0.511027619644483
3 2 55 0.5331457638665598
3 2 56 0.5483309614975951
3 2 57 0.5716661235801439
3 2 58 0.5922339595259473
3 2 59 0.6147401055941373
3 2 60 0.6333406332250888
3 2 61 0.6592803086796266
3 2 62 0.6848021534176951
3 2 63 0.6899410256823103
3 2 64 0.7120108395843999
3 2 65 0.7332915099867023
3 2 66 0.75653846923542
3 2 67 0.7801133194963767
3 2 68 0.803294881781585
3 2 69 0.8288654344196402
3 2 70 0.8718826283085945
3 2 71 0.8987949514452339
3 2 72 0.9234015407553671
3 2 73 0.953413460975753
3 2 74 0.9774294386772453
3 2 75 1.0074972408296161
3 2 76 1.0342903995218875
3 2 77 1.0441847864462033
3 2 78 1.0674388442104827
3 2 79 1.100781629645826
3 2 80 1.1271014910280428
3 2 81 1.165664026497143
3 2 82 1.2167444168098882
3 2 83 1.2463698832632872
3 2 84 1.2722743682037616
3 2 85 1.3043888461173991
3 2 86 1.3471413182322067
3 2 87 1.348326581562469
3 2 88 1.3792201525351628
3 2 89 1.4112878859674312
3 2 90 1.5166515697346767
3 2 91 1.5192818718633134
3 2 92 1.5327294057140535
3 2 93 1.5783909477309863
3 2 94 1.611705225829064
3 2 95 1.619167276144799
3 2 96 1.6407249396910628
3 2 97 1.6848425167863752
3 2 98 1.7457447607856011
3 2 99 1.7809573254604403
3 2 100 1.8229403260256731



3 3

3 3 3 0.05371541219883511
3 3 4 0.053779978485908944
3 3 5 0.05546927418799896
3 3 6 0.057076295073056824
3 3 7 0.0593617150618229
3 3 8 0.06122269667357614
3 3 9 0.06500979255324638
3 3 10 0.06782359886456106
3 3 11 0.07214247929223347
3 3 12 0.07663670816164085
3 3 13 0.07984837117364804
3 3 14 0.08545589650639158
3 3 15 0.08972927847025858
3 3 16 0.09480501925499993
3 3 17 0.10109373778741429
3 3 18 0.10672671205484222
3 3 19 0.11318874009284627
3 3 20 0.12246665113561903
3 3 21 0.12974591467209393
3 3 22 0.1348814264692919
3 3 23 0.14336917454456852
3 3 24 0.1473507244450957
3 3 25 0.15736559734541516
3 3 26 0.1650251600845877
3 3 27 0.17502043655131275
3 3 28 0.1838242196074134
3 3 29 0.19239310975772242
3 3 30 0.2038823972296086
3 3 31 0.2164064821528882
3 3 32 0.22596501111402176
3 3 33 0.23471593288268194
3 3 34 0.24686455163591745
3 3 35 0.259230883375858
3 3 36 0.2707007254457494
3 3 37 0.28211929206645436
3 3 38 0.295377129413464
3 3 39 0.30986467132916007
3 3 40 0.3227930695833493
3 3 41 0.3380689620800695
3 3 42 0.3512059736272931
3 3 43 0.3674879674495969
3 3 44 0.3818139803755912
3 3 45 0.39969487709950047
3 3 46 0.43438052801629967
3 3 47 0.44380512913085113
3 3 48 0.45322689839013036
3 3 49 0.47119293954456226
3 3 50 0.4884092566155232
3 3 51 0.5100497991083103
3 3 52 0.525889306199133
3 3 53 0.5449230320780771
3 3 54 0.5628236007521992
3 3 55 0.5849489190057284
3 3 56 0.6024610327356641
3 3 57 0.636051548816613
3 3 58 0.6327141892154031
3 3 59 0.655908475967226
3 3 60 0.6762984336823138
3 3 61 0.6969870199112848
3 3 62 0.720672765600284
3 3 63 0.7430237260334251
3 3 64 0.7645759901764905
3 3 65 0.7866789934150802
3 3 66 0.840215545673891
3 3 67 0.8496693715283982
3 3 68 0.8693529136577126
3 3 69 0.9026092708880242
3 3 70 0.9286752470607098
3 3 71 0.9556607075632201
3 3 72 0.9892248685169761
3 3 73 0.9908617937875533
3 3 74 1.015062521686923
3 3 75 1.047489183259131
3 3 76 1.0734282923431238
3 3 77 1.0981261051316324
3 3 78 1.152365485959308
3 3 79 1.1754429115089806
3 3 80 1.2011225849473703
3 3 81 1.234967665883596
3 3 82 1.2653726475313305
3 3 83 1.297981529511162
3 3 84 1.301985734248774
3 3 85 1.3414002426332445
3 3 86 1.3674888358851605
3 3 87 1.414384991019324
3 3 88 1.462372278634757
3 3 89 1.4943006470597537
3 3 90 1.5255443863008622
3 3 91 1.5718424914883145
3 3 92 1.5711136853718926
3 3 93 1.6165094106305333
3 3 94 1.643921726026747
3 3 95 1.7087021761104553
3 3 96 1.7415990765886817
3 3 97 1.7839009817471378
3 3 98 1.8264693455510497
3 3 99 1.8313198594949427
3 3 100 1.8680579631563887



3 4

3 4 3 0.5216942344575728
3 4 4 0.5176175342399801
3 4 5 0.5213388933339956
3 4 6 0.5270396055642778
3 4 7 0.5441421198354874
3 4 8 0.5388481374511684
3 4 9 0.5416385715216165
3 4 10 0.5434144464610654
3 4 11 0.548282555662081
3 4 12 0.5510391207504653
3 4 13 0.5544686477818687
3 4 14 0.5625824022508823
3 4 15 0.5672555288183503
3 4 16 0.5709091877070023
3 4 17 0.5847810844192282
3 4 18 0.576361489645933
3 4 19 0.5825696324745877
3 4 20 0.5885430711879962
3 4 21 0.5981702820639839
3 4 22 0.6037980457180311
3 4 23 0.6133020520375794
3 4 24 0.6202995271554755
3 4 25 0.6365905451548315
3 4 26 0.6394171514488335
3 4 27 0.6596920981059157
3 4 28 0.6855903907244283
3 4 29 0.6858723301746068
3 4 30 0.6909487506049118
3 4 31 0.7043882797464903
3 4 32 0.7156541905218546
3 4 33 0.7262799511110642
3 4 34 0.7400668544249129
3 4 35 0.7572663314002057
3 4 36 0.7601621104640799
3 4 37 0.7656365386279503
3 4 38 0.7797272810681534
3 4 39 0.7952229254869962
3 4 40 0.8213205806738187
3 4 41 0.8320670160293957
3 4 42 0.8510831466512172
3 4 43 0.8736808937788737
3 4 44 0.8876325732760961
3 4 45 0.900802358821602
3 4 46 0.9175432263735275
3 4 47 0.9372740793545745
3 4 48 0.9535455009192446
3 4 49 0.9780660018477647
3 4 50 1.018774403507814
3 4 51 0.9997917265285651
3 4 52 1.0153320387355051
3 4 53 1.0325266826783264
3 4 54 1.051240786560811
3 4 55 1.0801440923169139
3 4 56 1.1184104157880939
3 4 57 1.1323830510102197
3 4 58 1.1567412677874018
3 4 59 1.1750260625021838
3 4 60 1.2039676549333307
3 4 61 1.209895217601661
3 4 62 1.2296171596803105
3 4 63 1.2519439927111307
3 4 64 1.274244130792249
3 4 65 1.3215438818535403
3 4 66 1.3575793457359395
3 4 67 1.378359721813831
3 4 68 1.4025916756309016
3 4 69 1.4341889436082056
3 4 70 1.438683852122813
3 4 71 1.4598709202884492
3 4 72 1.4897475533718534
3 4 73 1.516660140814929
3 4 74 1.5758921569327868
3 4 75 1.595864283931587
3 4 76 1.6238374575834313
3 4 77 1.6625842146380818
3 4 78 1.657964213663945
3 4 79 1.6920547975209046
3 4 80 1.7184763413646578
3 4 81 1.778797186722113
3 4 82 1.8080062195082065
3 4 83 1.8473831586205052
3 4 84 1.8771708337091695
3 4 85 1.8808946470771843
3 4 86 1.9146523180996156
3 4 87 1.9535390400950645
3 4 87 1.9535390400950645
3 4 88 2.0760579525849607
3 4 88 2.0760579525849607



3 5

3 5 3 5.870758684070097
3 5 3 5.870758684070097



3 6

3 6 3 60.32836525336825
3 6 3 60.32836525336825



3 7

3 7 3 601.2300319319929
3 7 3 601.2300319319929



2 3

2 3 5 0.009552131730625826



2 4

2 4 5 0.026521171937389433



2 5

2 5 5 0.10928423767243674



2 6

2 6 5 0.5011254571095762



2 7

2 7 5 1.9645719830767976



2 3

2 3 5 0.009353901455010222



2 4

2 4 5 0.027741364239635864



2 5

2 5 5 0.1038833122202357



2 6

2 6 5 0.4635002180533031
