100 0.6553631484253908
110 0.8661624695338945
120 1.0889378821832507
130 1.3812172094085775
140 1.780355039863165
150 2.005964465807163
160 2.3819428077336213
170 2.8425224708176713
180 3.337734926475443
190 3.913023124977579
200 4.51913605582165
210 5.210599391716249
220 5.9569114967896155
230 6.767249828672402
240 7.706487491669606
250 8.644936953332826
260 10.275843016724957
270 11.569015097595344
280 12.942462775186106
290 14.361575798537626
300 15.899453979425607
310 17.581612423940943
320 19.268686337402983
330 21.17199799126656
340 23.121938729853717
350 25.23376424190142
360 27.48008903371233
370 29.82030040382342
380 32.245494905481976
390 34.914078163141674
400 37.67623003773938
410 40.57781501150671
420 43.59638409098206
430 46.81546188598168
440 50.14135970865809
450 53.61689269323206
460 57.331632945494036
470 60.691885925083895
480 64.61724610949477
490 69.29495064066096
500 73.53927844179688
510 78.14424405356348
520 82.73078100840685
530 87.71187323834674
540 92.74296748834695
550 98.07583482320679
560 102.84873931208404
570 109.07421896327432
580 115.04752587849052
590 121.0546623194452
600 127.49603939685112
610 133.9248724624169
620 139.8088156968177
640 157.58369263357417
660 173.0687915693608
680 189.38687149203207
700 207.0447902251707
750 248.5616762352106
800 300.35643955770104
850 363.38187042536435
900 428.7945084549933
950 505.8399605804939
1000 595.0570876763068
1050 689.3869590909349
1100 793.3164925701408
1150 903.0710483738512
1200 1029.626159599914
1250 1223.2813537051125
1300 1350.2977985111966
1350 1486.7265132049688
1400 1659.8563257168844
1450 1836.3915788003105
1500 2047.8301593205033
1550 2264.675714903331
1600 2603.914927872498
