3

3 3 0.00033057183452453725
3 4 0.0005039568561278125
3 5 0.0006838362644287714
3 6 0.0008826702199520399
3 7 0.0011689896055830586
3 8 0.0014367320246137251
3 9 0.0019021001411773937
3 10 0.0027012117694900544
3 11 0.0027535822017556734
3 12 0.0032137019476741247
3 13 0.0038009908470681393
3 14 0.004609239926432187
3 15 0.005747456711325647
3 16 0.005996886470191326
3 17 0.006968703474987731
3 18 0.008226990897663938
3 19 0.009208700514755686
3 20 0.010236739274161655
3 21 0.010950140101289762
3 22 0.013141164934389705
3 23 0.013920906676795918
3 24 0.015290014012016883
3 25 0.017111009835597657
3 26 0.01889519154853738
3 27 0.020094387603877096
3 28 0.02210768523822122
3 29 0.024344510600764833
3 30 0.027220277891786094
3 31 0.0285908955494949
3 32 0.031513407321514864
3 33 0.03273027414996217
3 34 0.03645212409866798
3 35 0.03865187104413503
3 36 0.041273451060454124
3 37 0.044108590676552775
3 38 0.0501211089844932
3 39 0.05333903983513313
3 40 0.05635024529525108
3 41 0.05836690339713071
3 42 0.06170547125648618
3 43 0.06971712792544764
3 44 0.077012589670678
3 45 0.08394383714796749
3 46 0.0816973457215017
3 47 0.08522508147245844
3 48 0.08672082934828448
3 49 0.09065771146119542
3 50 0.0947479290646843
3 51 0.10060635672080291
3 52 0.11436565889140056
3 53 0.11461826032749087
3 54 0.12028125225368491
3 55 0.12207204162750926
3 56 0.13372652062099916
3 57 0.1410806961529442
3 58 0.14579120320218522
3 59 0.15364167070363272
3 60 0.15987107132082556
3 61 0.1678609415878995
3 62 0.1722796920905548
3 63 0.1806401199800188
3 64 0.18711049255014559
3 65 0.19358033650740297
3 66 0.2069403849283411
3 67 0.21014842316668378
3 68 0.21935263047204004
3 69 0.23168105311766424
3 70 0.23651740778820454
3 71 0.25429567809892717
3 72 0.257742347290349
3 73 0.2646329670927159
3 74 0.2780857115563471
3 75 0.3140102800100145
3 76 0.29839633958241907
3 77 0.30735504396737384
3 78 0.32335185114563386
3 79 0.3347348119138786
3 80 0.3463419045393124
3 81 0.36039639924015604
3 82 0.3769291821112901
3 83 0.39441656431085476
3 84 0.3872614115247444
3 85 0.3915520111643033
3 86 0.406665657267807
3 87 0.4361080348778771
3 88 0.44984917542055597
3 89 0.4620017965285996
3 90 0.4863578233383336
3 91 0.48981272378731405
3 92 0.49225986155629187
3 93 0.5011837152498316
3 94 0.5155386130935113
3 95 0.5409995163192207
3 96 0.5917584722483866
3 97 0.57344819084133
3 98 0.5931609199525212
3 99 0.6103805974911267
3 100 0.6321016024143973



5

5 3 0.00036916057409541736
5 4 0.0005495308372019281
5 5 0.0007365465192521014
5 6 0.0010523171934011088
5 7 0.001198893990837746
5 8 0.0014771709092258334
5 9 0.0019144847855784518
5 10 0.002284060698352164
5 11 0.002877051065135561
5 12 0.0035970217950847426
5 13 0.00435157891000415
5 14 0.006016331872223191
5 15 0.005546810368818456
5 16 0.0064341625884821955
5 17 0.007230631152447131
5 18 0.0080568908274671
5 19 0.009248421996181833
5 20 0.010777850063490746
5 21 0.011968361764516544
5 22 0.013197915301870467
5 23 0.014335754506140575
5 24 0.016594668335073948
5 25 0.0182249481865
5 26 0.019118530486429107
5 27 0.020830594300571194
5 28 0.02334947238771292
5 29 0.025041033574092354
5 30 0.026287238416858826
5 31 0.03486500171233331
5 32 0.032121954009926415
5 33 0.03525647730117498
5 34 0.03769470416747254
5 35 0.039632108096810725
5 36 0.04250172082368238
5 37 0.04586418953640816
5 38 0.04855516887104443
5 39 0.05111165398814137
5 40 0.05492593567309996
5 41 0.059384520931376986
5 42 0.06558541421161124
5 43 0.06558462129230236
5 44 0.0700890070800142
5 45 0.07391450290944875
5 46 0.07865880342435787
5 47 0.08247591696398615
5 48 0.08966644905436567
5 49 0.09583698485259048
5 50 0.0970703141961593
5 51 0.1029397672064448
5 52 0.11340437638595802
5 53 0.11503057836666528
5 54 0.11900948520280394
5 55 0.1279945824732323
5 56 0.13048355617511903
5 57 0.13620730082338356
5 58 0.14353700913103182
5 59 0.1530449045306284
5 60 0.15896695452155143
5 61 0.16531257445417963
5 62 0.171796124588019
5 63 0.17497999766654287
5 64 0.18272934907744515
5 65 0.19106931209719563
5 66 0.19767036532057886
5 67 0.20800470918551922
5 68 0.215353523072622
5 69 0.2238266587777531
5 70 0.23232603633609017
5 71 0.24385840575644976
5 72 0.2503412384870984
5 73 0.2594070247364385
5 74 0.26931168185358845
5 75 0.28052843163203817
5 76 0.2902922134191357
5 77 0.30162076481975647
5 78 0.3120954931599414
5 79 0.32222998360167593
5 80 0.3545448435513549
5 81 0.3513575344891507
5 82 0.35698639312713
5 83 0.3808329881617055
5 84 0.3860910248708535
5 85 0.40146433316805885
5 86 0.4253916171815888
5 87 0.4267484531465982
5 88 0.43677627706261435
5 89 0.4458063441851266
5 90 0.4617114747883761
5 91 0.48302926136546487
5 92 0.4884712175955599
5 93 0.5101539358437606
5 94 0.5540897456277207
5 95 0.5597304602972144
5 96 0.5532521962920782
5 97 0.5655894920823243
5 98 0.5819128687405282
5 99 0.6028661012271129
5 100 0.6171162582062379



7

7 3 0.00032513467356238835
7 4 0.0004787344705846408
7 5 0.0006634469108405483
7 6 0.001144786687711985
7 7 0.0014127934131806796
7 8 0.0014946528920177116
7 9 0.001776214761821393
7 10 0.0021617623348788584
7 11 0.0026053440495729776
7 12 0.003084116278222382
7 13 0.0036552824850559773
7 14 0.004835221928681221
7 15 0.005189317035956265
7 16 0.005767279693964155
7 17 0.006657312736052745
7 18 0.008301034457633704
7 19 0.008556278958070606
7 20 0.010058370188352228
7 21 0.010620021363513388
7 22 0.012655218673927493
7 23 0.014099464552919017
7 24 0.0147597775445945
7 25 0.016972588779594844
7 26 0.018904668822142413
7 27 0.02013988606882435
7 28 0.021965941472745953
7 29 0.024320571989329666
7 30 0.026847039446988675
7 31 0.02835653125745239
7 32 0.03219626187632798
7 33 0.03441813504623496
7 34 0.0365020780149564
7 35 0.04017016048308051
7 36 0.04326375403492193
7 37 0.046698453920635076
7 38 0.04950319829664522
7 39 0.05239187884494072
7 40 0.058331033238050625
7 41 0.05948605236059734
7 42 0.06931088893428523
7 43 0.0658371849703201
7 44 0.07199990484967884
7 45 0.07390045691030309
7 46 0.07845989395270295
7 47 0.0857676270681452
7 48 0.08693487980287387
7 49 0.08973830264673666
7 50 0.09482389828582427
