1024  2 10 100 10.107504243071853
1024  2 10 150 14.376526137133817
1024  2 10 200 19.2947850334254
1024  2 10 250 26.067517609456154
1024  2 10 300 33.503296097506635
1024  2 10 350 42.53383262190691
1024  2 10 400 53.41700475941451
1024  2 10 450 66.12564514515174
1024  2 10 500 80.0523343030884
1024  2 10 550 94.6887939481241
1024  2 10 600 112.09156841681977
1024  2 10 650 129.25795422579756
1024  2 10 700 148.26992053797812
1024  2 10 750 169.01527845689998
1024  2 10 800 192.09270682497402
1024  2 10 850 216.01304997102056
1024  2 10 900 241.57771212055422
1024  2 10 950 275.82334095418605
1024  2 10 1000 306.18010787502794
1024  2 10 1050 337.75481444702245
1024  2 10 1100 378.2891450988982
1024  2 10 1150 443.21871671383315
1024  2 10 1200 449.7675272377837
1024  2 10 1250 456.00339407989986
1024  2 10 1300 491.9116481997862
1024  2 10 1350 529.5349695197347
1024  2 10 1400 570.2817864134859
1024  2 10 1450 607.5904437903891
1024  2 10 1500 656.2016485207305
1024  2 10 1550 695.7766122257108
1024  2 10 1600 746.1403474127173
