2 2

2 2 3 0.07399885442039299
2 2 4 0.38795419644991147
2 2 5 2.34818521537765
2 2 5 2.34818521537765



2 3

2 3 3 0.19403486806011525
2 3 4 1.104147836406399
2 3 5 6.2278551797076105
2 3 5 6.2278551797076105



2 4

2 4 3 0.7900606432236927
2 4 4 4.479121490718505
2 4 4 4.479121490718505



2 5

2 5 3 3.335461125998279
2 5 3 3.335461125998279



2 6

2 6 3 15.076691155287207
2 6 3 15.076691155287207



2 7

2 7 3 68.9847083623913
2 7 3 68.9847083623913



2 8

2 8 3 304.6669357557899
2 8 3 304.6669357557899



3 2

3 2 3 0.21759876848304344
3 2 4 1.121224637437647
3 2 5 6.716400327588946
3 2 5 6.716400327588946



3 3

3 3 3 1.823300311390738
3 3 4 9.687099316163739
3 3 4 9.687099316163739



3 4

3 4 3 18.99941626035846
3 4 3 18.99941626035846



3 5

3 5 3 204.66829542360958
3 5 3 204.66829542360958


5 2

5 2 3 1.2861641999953937
5 2 4 6.895902910429191
5 2 4 6.895902910429191



5 3

5 3 3 38.850658557241786
5 3 3 38.850658557241786



5 4

5 4 3 1226.3055695784803
5 4 3 1226.3055695784803
7 2

7 2 3 4.867770511028941
7 2 3 4.867770511028941



7 3

7 3 3 310.2833500916199
7 3 3 310.2833500916199
11 2

11 2 3 32.193219709255374
11 2 3 32.193219709255374
13 2

13 2 3 62.328865925274535
13 2 3 62.328865925274535



17 2

17 2 3 191.65419278737946
17 2 3 191.65419278737946



19 2

19 2 3 302.69491145923206
19 2 3 302.69491145923206
