5
   4  2  2 1.483571241129195
   8  2  3 2.1288806408312833
   9  3  2 2.308229199508389
  16  2  4 4.4329972228882335
  25  5  2 7.654744783239915
  27  3  3 8.368874070913577
  32  2  5 11.256819593458022
  49  7  2 21.4187548495621
  64  2  6 36.4338218608348
  81  3  4 55.13711229461926
 121 11  2 115.44995780526992
 125  5  3 123.24968443628029
 128  2  7 133.24131118943836
 169 13  2 219.47771268692645
 243  3  5 455.9017767096417
 256  2  8 511.341392935828
 289 17  2 638.9614523293947
 343  7  3 880,5207357156471
 361 19  2 1004,6098243454167
 512  2  9 2008,433755134654
 529 23  2 2089,25596441647